Итерация; sigma; mu; gamma; beta
0.200; 0.969; 1.309; -0.150
0.201; 0.968; 1.310; -0.146
0.197; 0.959; 1.314; -0.144
0.191; 0.962; 1.313; -0.147
0.197; 0.961; 1.309; -0.151
0.198; 0.984; 1.304; -0.144
0.202; 1.004; 1.296; -0.145
0.200; 0.975; 1.301; -0.149
0.206; 0.985; 1.298; -0.150
0.215; 0.960; 1.305; -0.151
0.219; 0.967; 1.305; -0.152
0.218; 0.966; 1.303; -0.157
0.218; 0.929; 1.310; -0.158
0.218; 0.900; 1.322; -0.155
0.221; 0.910; 1.325; -0.148
0.225; 0.922; 1.318; -0.153
0.235; 0.962; 1.314; -0.136
0.242; 0.972; 1.311; -0.133
0.252; 1.015; 1.305; -0.123
0.251; 1.035; 1.296; -0.124
0.254; 1.045; 1.290; -0.126
0.253; 1.028; 1.295; -0.129
0.259; 1.043; 1.292; -0.127
0.257; 1.046; 1.286; -0.128
0.251; 1.037; 1.296; -0.123
0.257; 1.052; 1.290; -0.126
0.249; 1.060; 1.289; -0.128
0.260; 1.066; 1.286; -0.128
0.257; 1.077; 1.282; -0.133
0.252; 1.081; 1.278; -0.141
0.246; 1.099; 1.274; -0.137
0.243; 1.086; 1.273; -0.144
0.251; 1.083; 1.272; -0.145
0.252; 1.109; 1.268; -0.141
0.246; 1.114; 1.265; -0.148
0.244; 1.123; 1.266; -0.147
0.244; 1.110; 1.269; -0.147
0.249; 1.110; 1.269; -0.149
0.247; 1.108; 1.269; -0.149
0.245; 1.121; 1.266; -0.144
0.245; 1.119; 1.267; -0.146
0.247; 1.101; 1.272; -0.145
0.243; 1.117; 1.268; -0.146
0.242; 1.128; 1.267; -0.141
0.248; 1.123; 1.271; -0.138
0.250; 1.176; 1.261; -0.137
0.248; 1.114; 1.280; -0.131
0.253; 1.134; 1.274; -0.130
0.254; 1.087; 1.283; -0.138
0.255; 1.095; 1.283; -0.132
0.247; 1.095; 1.287; -0.130
0.238; 1.088; 1.285; -0.137
0.247; 1.106; 1.286; -0.128
0.251; 1.112; 1.285; -0.126
0.258; 1.117; 1.284; -0.121
0.247; 1.111; 1.286; -0.121
0.248; 1.100; 1.292; -0.117
0.243; 1.048; 1.306; -0.119
0.242; 1.071; 1.299; -0.122
0.244; 1.064; 1.303; -0.119
0.246; 1.051; 1.311; -0.113
0.249; 1.067; 1.307; -0.113
0.253; 1.051; 1.308; -0.113
0.259; 1.055; 1.306; -0.110
0.267; 1.102; 1.293; -0.106
0.265; 1.092; 1.296; -0.102
0.268; 1.123; 1.280; -0.110
0.271; 1.126; 1.276; -0.118
0.270; 1.109; 1.280; -0.115
0.278; 1.130; 1.279; -0.103
0.288; 1.150; 1.276; -0.096
0.280; 1.094; 1.284; -0.110
0.286; 1.130; 1.275; -0.109
0.280; 1.100; 1.284; -0.108
0.275; 1.069; 1.291; -0.114
0.275; 1.071; 1.290; -0.116
0.282; 1.073; 1.288; -0.117
0.288; 1.105; 1.281; -0.110
0.282; 1.123; 1.274; -0.117
0.283; 1.129; 1.274; -0.113
0.285; 1.136; 1.268; -0.118
0.297; 1.149; 1.261; -0.124
0.291; 1.097; 1.276; -0.119
0.291; 1.097; 1.270; -0.132
0.295; 1.061; 1.274; -0.139
0.302; 1.113; 1.265; -0.131
0.294; 1.109; 1.262; -0.137
0.290; 1.125; 1.261; -0.127
0.298; 1.129; 1.259; -0.126
0.298; 1.137; 1.258; -0.119
0.296; 1.115; 1.264; -0.118
0.285; 1.087; 1.268; -0.122
0.283; 1.079; 1.269; -0.122
0.282; 1.110; 1.261; -0.122
0.285; 1.120; 1.257; -0.126
0.286; 1.139; 1.248; -0.130
0.293; 1.153; 1.246; -0.128
0.298; 1.181; 1.237; -0.129
0.294; 1.168; 1.245; -0.122
0.293; 1.170; 1.245; -0.127

--- Итоговая статистика (Монте-Карло) ---
План х=2.000, 0.500
Истинные значения: σ=0.200, μ=1.000, γ=1.300, β=-0.150
Средние значения: σ=0.255, μ=1.074, γ=1.283, β=-0.130
СКО (std):        σ=0.028, μ=0.064, γ=0.019, β=0.014
