Итерация; sigma; mu; gamma; beta
0.196; 1.007; 1.299; -0.150
0.200; 1.011; 1.300; -0.148
0.201; 1.005; 1.301; -0.148
0.206; 1.008; 1.299; -0.149
0.205; 1.017; 1.298; -0.149
0.204; 1.035; 1.289; -0.150
0.195; 1.014; 1.291; -0.152
0.202; 0.998; 1.297; -0.151
0.205; 1.008; 1.292; -0.151
0.205; 1.000; 1.294; -0.152
0.194; 0.952; 1.305; -0.153
0.197; 0.956; 1.302; -0.154
0.196; 0.939; 1.305; -0.153
0.201; 0.938; 1.304; -0.154
0.204; 0.953; 1.299; -0.154
0.197; 0.958; 1.300; -0.153
0.198; 0.967; 1.293; -0.155
0.199; 1.005; 1.283; -0.155
0.199; 0.986; 1.288; -0.154
0.196; 0.985; 1.288; -0.155
0.191; 0.997; 1.284; -0.155
0.191; 1.001; 1.282; -0.155
0.194; 1.010; 1.278; -0.155
0.201; 1.020; 1.275; -0.156
0.193; 1.026; 1.274; -0.156
0.189; 0.996; 1.281; -0.156
0.187; 0.981; 1.285; -0.156
0.188; 0.983; 1.282; -0.156
0.187; 0.989; 1.284; -0.155
0.188; 0.991; 1.284; -0.155
0.185; 0.979; 1.289; -0.155
0.188; 0.979; 1.290; -0.155
0.183; 0.987; 1.287; -0.155
0.178; 0.988; 1.284; -0.157
0.177; 0.998; 1.285; -0.156
0.182; 1.013; 1.284; -0.155
0.177; 1.011; 1.284; -0.155
0.187; 1.014; 1.283; -0.155
0.189; 1.017; 1.282; -0.156
0.189; 1.002; 1.288; -0.155
0.188; 1.006; 1.286; -0.156
0.187; 1.000; 1.289; -0.156
0.187; 0.990; 1.293; -0.156
0.189; 0.991; 1.290; -0.156
0.183; 1.003; 1.286; -0.157
0.182; 0.999; 1.288; -0.157
0.179; 1.016; 1.283; -0.156
0.185; 1.007; 1.283; -0.157
0.195; 1.016; 1.277; -0.158
0.196; 1.003; 1.282; -0.158
0.203; 1.054; 1.272; -0.156
0.199; 1.053; 1.271; -0.157
0.197; 1.058; 1.271; -0.156
0.199; 1.065; 1.270; -0.155
0.193; 1.061; 1.273; -0.155
0.190; 1.046; 1.275; -0.156
0.195; 1.035; 1.277; -0.156
0.199; 1.062; 1.271; -0.155
0.196; 1.064; 1.269; -0.155
0.195; 1.063; 1.272; -0.154
0.195; 1.047; 1.276; -0.154
0.200; 1.076; 1.268; -0.154
0.200; 1.067; 1.271; -0.153
0.196; 1.036; 1.280; -0.153
0.202; 1.050; 1.277; -0.153
0.200; 1.025; 1.283; -0.152
0.200; 1.029; 1.281; -0.153
0.202; 1.037; 1.278; -0.153
0.200; 1.037; 1.276; -0.153
0.201; 1.036; 1.275; -0.153
0.202; 1.018; 1.280; -0.153
0.203; 1.026; 1.281; -0.152
0.194; 1.017; 1.280; -0.153
0.194; 1.040; 1.276; -0.152
0.195; 1.040; 1.276; -0.151
0.195; 1.059; 1.271; -0.152
0.193; 1.070; 1.265; -0.153
0.193; 1.072; 1.264; -0.153
0.189; 1.086; 1.262; -0.152
0.191; 1.064; 1.267; -0.152
0.183; 1.084; 1.261; -0.152
0.181; 1.072; 1.263; -0.153
0.181; 1.077; 1.263; -0.153
0.178; 1.075; 1.263; -0.153
0.180; 1.106; 1.254; -0.154
0.182; 1.117; 1.250; -0.153
0.177; 1.115; 1.253; -0.152
0.174; 1.104; 1.258; -0.152
0.174; 1.101; 1.260; -0.152
0.169; 1.084; 1.265; -0.152
0.162; 1.078; 1.269; -0.152
0.165; 1.098; 1.263; -0.151
0.159; 1.097; 1.263; -0.151
0.157; 1.085; 1.268; -0.151
0.162; 1.080; 1.269; -0.151
0.158; 1.059; 1.274; -0.150
0.158; 1.070; 1.272; -0.149
0.154; 1.077; 1.270; -0.150
0.148; 1.056; 1.276; -0.149
0.148; 1.042; 1.279; -0.150


