Итерация; sigma; mu; gamma; beta
0.196; 1.007; 1.305; -0.142
0.195; 1.012; 1.304; -0.140
0.197; 1.019; 1.303; -0.136
0.194; 0.997; 1.310; -0.135
0.195; 1.003; 1.309; -0.139
0.202; 1.035; 1.300; -0.135
0.198; 1.004; 1.311; -0.136
0.200; 0.997; 1.315; -0.133
0.200; 1.005; 1.311; -0.133
0.200; 0.974; 1.321; -0.134
0.197; 0.968; 1.324; -0.130
0.195; 0.964; 1.324; -0.134
0.190; 0.978; 1.317; -0.134
0.193; 0.974; 1.320; -0.135
0.194; 0.975; 1.322; -0.134
0.191; 0.983; 1.316; -0.138
0.188; 0.971; 1.319; -0.140
0.188; 0.960; 1.325; -0.137
0.186; 0.955; 1.329; -0.129
0.185; 0.969; 1.321; -0.134
0.182; 0.966; 1.324; -0.132
0.187; 0.957; 1.328; -0.128
0.190; 0.970; 1.322; -0.129
0.183; 0.955; 1.325; -0.134
0.187; 0.982; 1.320; -0.131
0.178; 0.946; 1.330; -0.134
0.176; 0.924; 1.337; -0.134
0.181; 0.949; 1.327; -0.138
0.177; 0.956; 1.327; -0.136
0.181; 0.944; 1.334; -0.132
0.181; 0.950; 1.330; -0.135
0.184; 0.938; 1.334; -0.135
0.180; 0.944; 1.332; -0.136
0.180; 0.944; 1.331; -0.141
0.181; 0.954; 1.324; -0.151
0.183; 0.966; 1.323; -0.149
0.180; 0.955; 1.324; -0.152
0.179; 0.944; 1.332; -0.145
0.175; 0.916; 1.340; -0.148
0.175; 0.914; 1.345; -0.139
0.178; 0.917; 1.343; -0.141
0.177; 0.942; 1.336; -0.139
0.176; 0.947; 1.334; -0.142
0.180; 0.979; 1.323; -0.140
0.178; 0.963; 1.327; -0.141
0.182; 0.979; 1.324; -0.138
0.181; 0.962; 1.329; -0.136
0.184; 0.981; 1.322; -0.139
0.190; 0.968; 1.328; -0.137
0.188; 0.949; 1.331; -0.142
0.188; 0.937; 1.335; -0.141
0.186; 0.939; 1.336; -0.138
0.193; 0.953; 1.339; -0.129
0.202; 0.974; 1.337; -0.119
0.202; 0.973; 1.340; -0.117
0.196; 0.971; 1.339; -0.116
0.197; 0.994; 1.334; -0.116
0.201; 0.984; 1.334; -0.121
0.200; 0.971; 1.340; -0.116
0.206; 0.979; 1.344; -0.106
0.199; 0.976; 1.346; -0.104
0.194; 0.982; 1.345; -0.101
0.189; 0.969; 1.347; -0.104
0.188; 0.959; 1.352; -0.100
0.187; 0.942; 1.355; -0.100
0.190; 0.934; 1.355; -0.101
0.190; 0.915; 1.361; -0.099
0.190; 0.924; 1.360; -0.095
0.193; 0.920; 1.361; -0.095
0.193; 0.918; 1.359; -0.098
0.192; 0.918; 1.360; -0.097
0.187; 0.892; 1.370; -0.095
0.189; 0.889; 1.369; -0.100
0.186; 0.862; 1.379; -0.099
0.179; 0.866; 1.375; -0.102
0.177; 0.860; 1.373; -0.109
0.173; 0.862; 1.374; -0.107
0.176; 0.851; 1.378; -0.105
0.173; 0.829; 1.383; -0.111
0.173; 0.836; 1.383; -0.108
0.172; 0.843; 1.380; -0.108
0.175; 0.846; 1.378; -0.112
0.175; 0.869; 1.372; -0.112
0.170; 0.831; 1.385; -0.113
0.165; 0.847; 1.379; -0.116
0.167; 0.845; 1.376; -0.121
0.164; 0.824; 1.382; -0.125
0.162; 0.815; 1.386; -0.124
0.161; 0.802; 1.386; -0.130
0.166; 0.825; 1.376; -0.133
0.169; 0.827; 1.374; -0.134
0.173; 0.807; 1.380; -0.136
0.173; 0.813; 1.373; -0.141
0.178; 0.810; 1.373; -0.138
0.180; 0.793; 1.376; -0.143
0.178; 0.797; 1.378; -0.140
0.176; 0.792; 1.379; -0.139
0.177; 0.787; 1.382; -0.137
0.179; 0.791; 1.383; -0.135
0.179; 0.800; 1.380; -0.136
0.179; 0.774; 1.385; -0.144
0.181; 0.775; 1.385; -0.143
0.182; 0.784; 1.381; -0.145
0.183; 0.803; 1.372; -0.150
0.184; 0.816; 1.365; -0.155
0.184; 0.818; 1.365; -0.153
0.181; 0.811; 1.370; -0.149
0.179; 0.803; 1.373; -0.152
0.176; 0.805; 1.368; -0.154
0.176; 0.827; 1.363; -0.151
0.175; 0.835; 1.362; -0.147
0.168; 0.821; 1.368; -0.146
0.166; 0.826; 1.366; -0.150
0.165; 0.809; 1.369; -0.152
0.167; 0.825; 1.364; -0.153
0.167; 0.832; 1.363; -0.150
0.169; 0.844; 1.355; -0.157
0.166; 0.859; 1.351; -0.157
0.166; 0.872; 1.348; -0.155
0.165; 0.895; 1.341; -0.156
0.164; 0.892; 1.342; -0.156
0.164; 0.914; 1.336; -0.157
0.161; 0.923; 1.332; -0.161
0.160; 0.908; 1.336; -0.164
0.160; 0.888; 1.342; -0.168
0.160; 0.908; 1.338; -0.163
0.167; 0.904; 1.341; -0.159
0.167; 0.897; 1.343; -0.157
0.170; 0.888; 1.343; -0.162
0.169; 0.914; 1.334; -0.164
0.168; 0.933; 1.330; -0.159
0.169; 0.925; 1.335; -0.157
0.173; 0.944; 1.330; -0.152
0.170; 0.939; 1.330; -0.157
0.170; 0.954; 1.328; -0.153
0.169; 0.959; 1.327; -0.151
0.167; 0.970; 1.327; -0.147
0.167; 0.945; 1.332; -0.148
0.165; 0.955; 1.328; -0.148
0.165; 0.976; 1.323; -0.145
0.161; 0.988; 1.321; -0.143
0.163; 0.979; 1.324; -0.141
0.162; 1.002; 1.316; -0.142
0.154; 1.009; 1.314; -0.144
0.155; 0.984; 1.319; -0.148
0.151; 0.979; 1.320; -0.150
0.146; 0.983; 1.318; -0.151
0.148; 0.962; 1.326; -0.150
0.154; 0.972; 1.325; -0.148
0.159; 0.964; 1.327; -0.147
0.158; 0.982; 1.323; -0.143
0.155; 0.980; 1.321; -0.146
0.157; 0.978; 1.319; -0.151
0.151; 0.975; 1.318; -0.154
0.150; 0.990; 1.312; -0.157
0.150; 0.994; 1.310; -0.159
0.145; 0.994; 1.310; -0.159
0.142; 0.984; 1.314; -0.156
0.147; 0.986; 1.315; -0.154
0.147; 0.971; 1.319; -0.156
0.150; 0.988; 1.311; -0.159
0.148; 0.990; 1.308; -0.163
0.148; 0.993; 1.308; -0.162
0.147; 1.012; 1.304; -0.161
0.146; 1.010; 1.305; -0.159
0.145; 0.996; 1.308; -0.161
0.143; 0.999; 1.305; -0.162
0.140; 1.011; 1.303; -0.161
0.135; 1.009; 1.301; -0.164
0.141; 1.009; 1.305; -0.160
0.141; 0.998; 1.309; -0.159
0.140; 0.994; 1.311; -0.159
0.138; 0.996; 1.308; -0.162
0.137; 0.989; 1.308; -0.164
0.141; 0.973; 1.310; -0.167
0.140; 0.978; 1.307; -0.168
0.142; 0.975; 1.309; -0.167
0.146; 0.991; 1.304; -0.168
0.143; 0.997; 1.301; -0.169
0.141; 1.032; 1.289; -0.171
0.143; 1.040; 1.290; -0.165
0.141; 1.019; 1.293; -0.170
0.142; 1.014; 1.294; -0.174
0.145; 1.018; 1.295; -0.168
0.146; 1.025; 1.295; -0.166
0.150; 1.034; 1.298; -0.159
0.155; 1.043; 1.295; -0.157
0.151; 1.028; 1.296; -0.163
0.152; 1.047; 1.287; -0.169
0.152; 1.008; 1.294; -0.174
0.153; 1.022; 1.288; -0.177
0.148; 1.017; 1.286; -0.181
0.153; 1.042; 1.280; -0.181
0.147; 1.037; 1.282; -0.181
0.155; 1.046; 1.280; -0.182
0.155; 1.046; 1.283; -0.179
0.160; 1.055; 1.282; -0.180
0.158; 1.049; 1.287; -0.176
0.158; 1.068; 1.285; -0.174
0.157; 1.081; 1.285; -0.166
0.155; 1.074; 1.287; -0.166
0.161; 1.072; 1.284; -0.172
0.156; 1.063; 1.287; -0.171
0.158; 1.062; 1.284; -0.176
0.156; 1.072; 1.283; -0.176
0.154; 1.085; 1.281; -0.173
0.152; 1.102; 1.275; -0.177
0.154; 1.125; 1.270; -0.175
0.155; 1.121; 1.271; -0.175
0.156; 1.133; 1.268; -0.174
0.156; 1.141; 1.269; -0.169
0.155; 1.126; 1.272; -0.168
0.157; 1.149; 1.266; -0.168
0.150; 1.145; 1.267; -0.169
0.144; 1.143; 1.265; -0.174
0.144; 1.135; 1.266; -0.177
0.142; 1.149; 1.263; -0.177
0.138; 1.121; 1.271; -0.174
0.137; 1.101; 1.277; -0.174
0.136; 1.113; 1.276; -0.169
0.136; 1.121; 1.271; -0.175
0.136; 1.129; 1.268; -0.177
0.134; 1.124; 1.269; -0.179
0.137; 1.124; 1.271; -0.175
0.139; 1.117; 1.272; -0.175
0.139; 1.092; 1.274; -0.180
0.141; 1.090; 1.272; -0.184
0.145; 1.066; 1.279; -0.182
0.142; 1.057; 1.282; -0.181
0.140; 1.058; 1.283; -0.179
0.140; 1.043; 1.288; -0.180
0.136; 1.029; 1.292; -0.179
0.134; 1.030; 1.292; -0.178
0.134; 1.011; 1.296; -0.180
0.131; 1.016; 1.294; -0.184
0.132; 1.019; 1.296; -0.179
0.133; 1.032; 1.292; -0.178
0.129; 1.033; 1.291; -0.178
0.128; 1.022; 1.298; -0.172
0.124; 1.029; 1.297; -0.170
0.122; 1.016; 1.302; -0.168
0.124; 1.020; 1.299; -0.170
0.124; 1.020; 1.299; -0.169
0.119; 1.008; 1.299; -0.174
0.119; 1.005; 1.300; -0.171
0.122; 0.997; 1.302; -0.174
0.124; 0.995; 1.301; -0.175
0.122; 0.995; 1.303; -0.170
0.120; 1.008; 1.301; -0.169
0.122; 0.994; 1.303; -0.173
0.118; 0.988; 1.304; -0.175
0.118; 0.990; 1.307; -0.170
0.117; 0.981; 1.312; -0.169
0.116; 0.962; 1.318; -0.169
0.119; 0.961; 1.319; -0.169
0.117; 0.963; 1.320; -0.166
0.119; 0.963; 1.322; -0.162
0.116; 0.966; 1.320; -0.164
0.119; 0.983; 1.316; -0.162
0.114; 0.983; 1.314; -0.162
0.113; 0.968; 1.318; -0.164
0.113; 0.962; 1.323; -0.159
0.116; 0.984; 1.316; -0.158
0.114; 0.990; 1.313; -0.161
0.115; 0.981; 1.314; -0.163
0.117; 0.981; 1.311; -0.169
0.118; 0.966; 1.316; -0.171
0.117; 0.963; 1.316; -0.173
0.116; 0.965; 1.317; -0.170
0.117; 0.993; 1.310; -0.167
0.114; 0.983; 1.312; -0.170
0.113; 0.981; 1.314; -0.169
0.115; 0.993; 1.311; -0.167
0.112; 0.984; 1.314; -0.167
0.112; 1.002; 1.310; -0.164
0.113; 0.993; 1.313; -0.164
0.113; 0.992; 1.314; -0.163
0.110; 0.995; 1.313; -0.164
0.110; 0.998; 1.313; -0.162
0.109; 1.002; 1.314; -0.155
0.107; 1.012; 1.311; -0.155
0.104; 0.996; 1.315; -0.156
0.103; 1.002; 1.312; -0.156
0.104; 1.014; 1.311; -0.154
0.105; 1.012; 1.312; -0.153
0.105; 1.018; 1.315; -0.148
0.104; 1.004; 1.319; -0.147
0.103; 1.007; 1.318; -0.147
0.102; 1.023; 1.314; -0.145
0.102; 1.017; 1.317; -0.143
0.103; 1.008; 1.321; -0.142
0.105; 1.018; 1.318; -0.142
0.103; 1.023; 1.318; -0.141
0.103; 1.027; 1.316; -0.142
0.105; 1.030; 1.313; -0.144
0.104; 1.020; 1.318; -0.142
0.102; 1.008; 1.321; -0.142
0.100; 1.005; 1.321; -0.142
0.098; 1.007; 1.321; -0.141
0.096; 1.003; 1.323; -0.139
0.095; 0.991; 1.326; -0.139
0.097; 0.975; 1.332; -0.139
0.098; 0.976; 1.331; -0.141
0.095; 0.980; 1.329; -0.142
0.094; 0.989; 1.328; -0.139
0.093; 1.003; 1.325; -0.138
0.097; 1.013; 1.322; -0.140
0.095; 1.014; 1.323; -0.139
0.095; 1.005; 1.326; -0.137
0.097; 1.021; 1.322; -0.137
0.093; 1.015; 1.323; -0.137
0.094; 1.010; 1.324; -0.139
0.095; 1.012; 1.322; -0.140
0.094; 1.009; 1.324; -0.138
0.100; 1.010; 1.322; -0.139
0.098; 0.998; 1.325; -0.141
0.098; 0.988; 1.330; -0.140
0.103; 0.992; 1.328; -0.140
0.103; 0.988; 1.330; -0.141
0.105; 0.987; 1.331; -0.139
0.103; 0.991; 1.330; -0.139
0.105; 0.992; 1.329; -0.139
0.105; 0.987; 1.330; -0.140
0.109; 0.990; 1.330; -0.139
0.108; 1.000; 1.325; -0.140
0.108; 0.993; 1.326; -0.142
0.104; 0.987; 1.329; -0.142
0.105; 0.983; 1.332; -0.139
0.108; 0.987; 1.333; -0.137
0.109; 0.986; 1.335; -0.135
0.107; 0.977; 1.335; -0.136
0.107; 0.969; 1.341; -0.132
0.108; 0.975; 1.339; -0.132
0.112; 0.967; 1.341; -0.133
0.110; 0.975; 1.337; -0.135
0.108; 0.979; 1.338; -0.132
0.109; 0.976; 1.340; -0.133
0.108; 0.985; 1.337; -0.131
0.107; 0.978; 1.336; -0.135
0.102; 0.958; 1.341; -0.136
0.102; 0.966; 1.338; -0.134
0.102; 0.978; 1.336; -0.131
0.103; 0.986; 1.333; -0.130
0.103; 0.995; 1.331; -0.129
0.104; 0.996; 1.331; -0.128
0.102; 1.000; 1.329; -0.131
0.103; 0.996; 1.331; -0.129
0.099; 0.985; 1.334; -0.130
0.099; 0.976; 1.337; -0.128
0.101; 0.977; 1.338; -0.128
0.097; 0.977; 1.339; -0.129
0.099; 0.959; 1.342; -0.133
0.102; 0.963; 1.340; -0.133
0.101; 0.968; 1.338; -0.134
0.103; 0.962; 1.337; -0.138
0.105; 0.968; 1.336; -0.136
0.103; 0.966; 1.337; -0.136
0.102; 0.961; 1.338; -0.137
0.096; 0.946; 1.343; -0.137
0.096; 0.931; 1.347; -0.139
0.099; 0.940; 1.341; -0.142
0.100; 0.940; 1.341; -0.143
0.101; 0.949; 1.336; -0.145
0.100; 0.946; 1.336; -0.147
0.105; 0.960; 1.333; -0.146
0.105; 0.955; 1.334; -0.148
0.104; 0.949; 1.333; -0.153
0.098; 0.940; 1.334; -0.157
0.099; 0.932; 1.336; -0.158
0.099; 0.938; 1.334; -0.157
0.098; 0.939; 1.334; -0.156
0.096; 0.931; 1.336; -0.157
0.095; 0.930; 1.335; -0.158
0.096; 0.916; 1.338; -0.160
0.096; 0.910; 1.341; -0.157
0.097; 0.927; 1.334; -0.160
0.097; 0.922; 1.334; -0.161
0.097; 0.916; 1.335; -0.163
0.099; 0.915; 1.337; -0.163
0.097; 0.907; 1.340; -0.163
0.096; 0.907; 1.342; -0.161
0.095; 0.914; 1.339; -0.162
0.095; 0.912; 1.341; -0.161
0.093; 0.912; 1.340; -0.162
0.093; 0.906; 1.341; -0.164
0.093; 0.901; 1.342; -0.166
0.091; 0.891; 1.344; -0.168
0.090; 0.887; 1.346; -0.169
0.087; 0.890; 1.343; -0.172
0.087; 0.889; 1.345; -0.170
0.084; 0.885; 1.346; -0.169
0.084; 0.884; 1.348; -0.167
0.084; 0.871; 1.352; -0.167
0.085; 0.869; 1.354; -0.165
0.082; 0.874; 1.352; -0.165
0.080; 0.873; 1.351; -0.169
0.079; 0.876; 1.351; -0.167
0.079; 0.875; 1.352; -0.165
0.079; 0.859; 1.356; -0.168
0.080; 0.864; 1.356; -0.167
0.080; 0.867; 1.355; -0.167
0.081; 0.866; 1.357; -0.165
0.079; 0.865; 1.358; -0.165
0.080; 0.874; 1.355; -0.166
0.080; 0.871; 1.356; -0.166
0.081; 0.874; 1.356; -0.167
0.081; 0.880; 1.357; -0.163
0.079; 0.868; 1.363; -0.160
0.080; 0.863; 1.364; -0.160
0.077; 0.862; 1.363; -0.165
0.078; 0.866; 1.361; -0.166
0.077; 0.868; 1.361; -0.165
0.079; 0.873; 1.358; -0.167
0.077; 0.869; 1.358; -0.169
0.077; 0.873; 1.357; -0.168
0.078; 0.881; 1.355; -0.166
0.079; 0.892; 1.350; -0.168
0.079; 0.891; 1.351; -0.166
0.079; 0.888; 1.353; -0.165
0.080; 0.888; 1.353; -0.165
0.079; 0.891; 1.351; -0.166
0.079; 0.889; 1.353; -0.165
0.079; 0.901; 1.350; -0.162
0.080; 0.897; 1.351; -0.163
0.082; 0.899; 1.350; -0.164
0.081; 0.895; 1.351; -0.166
0.081; 0.885; 1.355; -0.164
0.079; 0.889; 1.353; -0.165
0.078; 0.884; 1.354; -0.165
0.078; 0.888; 1.352; -0.165
0.079; 0.897; 1.348; -0.165
0.079; 0.903; 1.347; -0.164
0.077; 0.898; 1.350; -0.162
0.078; 0.902; 1.350; -0.160
0.080; 0.912; 1.347; -0.159
0.076; 0.900; 1.350; -0.162
0.075; 0.906; 1.349; -0.160
0.075; 0.912; 1.347; -0.160
0.075; 0.901; 1.351; -0.160
0.077; 0.898; 1.350; -0.162
0.078; 0.906; 1.347; -0.161
0.074; 0.898; 1.351; -0.159
0.074; 0.904; 1.348; -0.161
0.075; 0.913; 1.345; -0.162
0.076; 0.919; 1.344; -0.163
0.077; 0.924; 1.344; -0.162
0.077; 0.913; 1.346; -0.161
0.079; 0.911; 1.349; -0.160
0.076; 0.904; 1.351; -0.158
0.077; 0.897; 1.354; -0.157
0.076; 0.891; 1.353; -0.161
0.074; 0.890; 1.352; -0.165
0.072; 0.895; 1.350; -0.165
0.073; 0.900; 1.350; -0.162
0.071; 0.900; 1.350; -0.162
0.073; 0.893; 1.353; -0.161
0.074; 0.895; 1.353; -0.160
0.074; 0.899; 1.353; -0.157
0.074; 0.894; 1.354; -0.158
0.074; 0.886; 1.356; -0.159
0.074; 0.868; 1.361; -0.160
0.075; 0.872; 1.360; -0.158
0.075; 0.876; 1.359; -0.159
0.075; 0.876; 1.359; -0.159
0.076; 0.878; 1.358; -0.158
0.076; 0.881; 1.358; -0.157
0.076; 0.882; 1.359; -0.155
0.077; 0.876; 1.361; -0.156
0.076; 0.878; 1.359; -0.157
0.078; 0.874; 1.361; -0.157
0.077; 0.884; 1.358; -0.156
0.079; 0.891; 1.357; -0.154
0.080; 0.893; 1.355; -0.156
0.079; 0.887; 1.356; -0.157
0.079; 0.894; 1.353; -0.157
0.078; 0.900; 1.351; -0.156
0.077; 0.896; 1.352; -0.157
0.079; 0.893; 1.354; -0.156
0.079; 0.889; 1.355; -0.156
0.079; 0.890; 1.355; -0.157
0.081; 0.884; 1.356; -0.158
0.082; 0.894; 1.353; -0.159
0.082; 0.891; 1.354; -0.158
0.080; 0.882; 1.358; -0.156
0.081; 0.880; 1.358; -0.157
0.081; 0.876; 1.357; -0.158
0.081; 0.878; 1.358; -0.154
0.081; 0.880; 1.359; -0.153
0.081; 0.888; 1.358; -0.150
0.082; 0.894; 1.357; -0.149
0.081; 0.887; 1.360; -0.149
0.081; 0.885; 1.360; -0.151
0.077; 0.886; 1.356; -0.156
0.079; 0.887; 1.355; -0.157
0.077; 0.885; 1.354; -0.159
0.078; 0.882; 1.356; -0.159
0.076; 0.876; 1.357; -0.161
0.076; 0.881; 1.355; -0.160
0.077; 0.874; 1.357; -0.161
0.077; 0.868; 1.359; -0.161
0.078; 0.861; 1.360; -0.163
0.077; 0.875; 1.358; -0.159
0.077; 0.881; 1.356; -0.160
0.077; 0.892; 1.352; -0.161
0.075; 0.890; 1.354; -0.159
0.076; 0.887; 1.354; -0.161
0.075; 0.888; 1.354; -0.160
0.074; 0.893; 1.352; -0.161
0.073; 0.897; 1.351; -0.161
0.073; 0.894; 1.350; -0.163
0.074; 0.884; 1.353; -0.163
0.070; 0.880; 1.354; -0.165
0.072; 0.876; 1.357; -0.163
0.073; 0.871; 1.358; -0.164
0.072; 0.884; 1.355; -0.163
0.073; 0.892; 1.352; -0.162
0.073; 0.892; 1.352; -0.161
0.073; 0.887; 1.354; -0.162
0.071; 0.888; 1.354; -0.162
0.071; 0.888; 1.352; -0.165
0.071; 0.895; 1.352; -0.163
0.071; 0.894; 1.353; -0.163
0.072; 0.886; 1.356; -0.164
0.073; 0.893; 1.354; -0.164
0.073; 0.892; 1.353; -0.165
0.073; 0.891; 1.354; -0.165
0.072; 0.889; 1.354; -0.165
0.072; 0.898; 1.352; -0.164
0.071; 0.891; 1.355; -0.161
0.070; 0.889; 1.356; -0.161
0.072; 0.887; 1.358; -0.161
0.072; 0.890; 1.358; -0.159
0.070; 0.881; 1.361; -0.161
0.069; 0.884; 1.361; -0.158
0.070; 0.882; 1.363; -0.157
0.069; 0.871; 1.367; -0.155
0.069; 0.872; 1.367; -0.156
0.070; 0.871; 1.367; -0.156
0.069; 0.869; 1.369; -0.153
0.068; 0.862; 1.370; -0.156
0.068; 0.861; 1.371; -0.155
0.069; 0.863; 1.371; -0.153
0.068; 0.867; 1.370; -0.152
0.067; 0.866; 1.370; -0.153
0.067; 0.866; 1.370; -0.153
0.068; 0.873; 1.368; -0.151
0.067; 0.867; 1.370; -0.151
0.068; 0.868; 1.371; -0.149
0.069; 0.873; 1.368; -0.150
0.068; 0.868; 1.370; -0.149
0.068; 0.868; 1.370; -0.150
0.068; 0.873; 1.368; -0.150
0.068; 0.880; 1.366; -0.151
0.068; 0.882; 1.364; -0.152
0.066; 0.882; 1.364; -0.154
0.066; 0.881; 1.366; -0.152
0.067; 0.873; 1.369; -0.151
0.066; 0.873; 1.369; -0.151
0.067; 0.878; 1.368; -0.150
0.067; 0.887; 1.365; -0.149
0.069; 0.875; 1.370; -0.148
0.068; 0.884; 1.366; -0.149
0.069; 0.886; 1.365; -0.150
0.067; 0.880; 1.367; -0.150
0.066; 0.882; 1.366; -0.149
0.066; 0.892; 1.363; -0.149
0.068; 0.888; 1.362; -0.151
0.068; 0.895; 1.361; -0.150
0.067; 0.899; 1.360; -0.149
0.069; 0.901; 1.360; -0.148
0.066; 0.902; 1.358; -0.150
0.066; 0.910; 1.355; -0.151
0.067; 0.912; 1.355; -0.151
0.067; 0.911; 1.356; -0.150
0.067; 0.902; 1.359; -0.149
0.068; 0.907; 1.356; -0.149
0.067; 0.911; 1.355; -0.150
0.067; 0.912; 1.355; -0.149
0.066; 0.907; 1.357; -0.148
0.066; 0.907; 1.357; -0.147
0.066; 0.921; 1.352; -0.148
0.068; 0.925; 1.350; -0.149
0.071; 0.922; 1.350; -0.150
0.070; 0.924; 1.348; -0.150
0.069; 0.923; 1.348; -0.152
0.069; 0.913; 1.351; -0.152
0.067; 0.917; 1.350; -0.151
0.066; 0.922; 1.348; -0.153
0.067; 0.923; 1.348; -0.153
0.066; 0.928; 1.345; -0.154
0.065; 0.920; 1.347; -0.155
0.066; 0.921; 1.347; -0.155
0.067; 0.926; 1.347; -0.153
0.067; 0.931; 1.345; -0.153
0.067; 0.933; 1.345; -0.153
0.066; 0.928; 1.346; -0.153
0.067; 0.938; 1.343; -0.154
0.066; 0.938; 1.342; -0.155
0.067; 0.935; 1.343; -0.154
0.067; 0.932; 1.344; -0.155
0.067; 0.929; 1.346; -0.152
0.065; 0.924; 1.348; -0.153
0.065; 0.926; 1.347; -0.152
0.066; 0.930; 1.346; -0.153
0.066; 0.926; 1.346; -0.156
0.066; 0.913; 1.350; -0.156
0.065; 0.913; 1.351; -0.154
0.065; 0.903; 1.354; -0.154
0.066; 0.898; 1.355; -0.155
0.068; 0.902; 1.353; -0.155
0.067; 0.903; 1.352; -0.156
0.067; 0.908; 1.350; -0.155
0.066; 0.915; 1.349; -0.153
0.065; 0.921; 1.347; -0.156
0.064; 0.924; 1.345; -0.157
0.113; 1.148; 1.259; -0.183
0.500; 0.500; 1.800; 0.800
0.500; 0.500; 1.800; 0.800
0.500; 0.500; 1.800; 0.800
0.500; 0.500; 1.800; 0.800
0.500; 0.500; 1.800; 0.800
0.500; 0.500; 1.800; 0.800
0.500; 0.500; 1.800; 0.800
0.500; 0.500; 1.800; 0.800
0.500; 0.500; 1.800; 0.800
0.500; 0.500; 1.800; 0.800
0.500; 0.500; 1.800; 0.800
0.500; 0.500; 1.800; 0.800
0.500; 0.500; 1.800; 0.800
0.500; 0.500; 1.800; 0.800
0.500; 0.500; 1.800; 0.800
0.500; 0.500; 1.800; 0.800
0.500; 0.500; 1.800; 0.800
0.500; 0.500; 1.800; 0.800
0.500; 0.500; 1.800; 0.800
0.500; 0.500; 1.800; 0.800
0.500; 0.500; 1.800; 0.800
0.500; 0.500; 1.800; 0.800
0.500; 0.500; 1.800; 0.800
0.500; 0.500; 1.800; 0.800
0.500; 0.500; 1.800; 0.800
0.500; 0.500; 1.800; 0.800
0.500; 0.500; 1.800; 0.800
0.500; 0.500; 1.800; 0.800
0.500; 0.500; 1.800; 0.800
0.500; 0.500; 1.800; 0.800
0.500; 0.500; 1.800; 0.800
0.500; 0.500; 1.800; 0.800
0.500; 0.500; 1.800; 0.800
0.500; 0.500; 1.800; 0.800
0.500; 0.500; 1.800; 0.800
0.500; 0.500; 1.800; 0.800
0.500; 0.500; 1.800; 0.800
0.500; 0.500; 1.800; 0.800
0.500; 0.500; 1.800; 0.800
0.500; 0.500; 1.800; 0.800
0.500; 0.500; 1.800; 0.800
0.500; 0.500; 1.800; 0.800
0.500; 0.500; 1.800; 0.800
0.500; 0.500; 1.800; 0.800
0.500; 0.500; 1.800; 0.800
0.500; 0.500; 1.800; 0.800
0.500; 0.500; 1.800; 0.800
0.500; 0.500; 1.800; 0.800
0.500; 0.500; 1.800; 0.800
0.500; 0.500; 1.800; 0.800
0.500; 0.500; 1.800; 0.800
0.500; 0.500; 1.800; 0.800
0.500; 0.500; 1.800; 0.800
0.500; 0.500; 1.800; 0.800
0.500; 0.500; 1.800; 0.800
0.500; 0.500; 1.800; 0.800
0.500; 0.500; 1.800; 0.800
0.500; 0.500; 1.800; 0.800
0.500; 0.500; 1.800; 0.800
0.500; 0.500; 1.800; 0.800
0.500; 0.500; 1.800; 0.800
0.500; 0.500; 1.800; 0.800
0.500; 0.500; 1.800; 0.800
0.500; 0.500; 1.800; 0.800
0.500; 0.500; 1.800; 0.800
0.500; 0.500; 1.800; 0.800
0.500; 0.500; 1.800; 0.800
0.500; 0.500; 1.800; 0.800
0.500; 0.500; 1.800; 0.800
0.500; 0.500; 1.800; 0.800
0.500; 0.500; 1.800; 0.800
0.500; 0.500; 1.800; 0.800
0.500; 0.500; 1.800; 0.800
0.500; 0.500; 1.800; 0.800
0.500; 0.500; 1.800; 0.800
0.500; 0.500; 1.800; 0.800
0.500; 0.500; 1.800; 0.800
0.500; 0.500; 1.800; 0.800
0.500; 0.500; 1.800; 0.800
0.500; 0.500; 1.800; 0.800
0.500; 0.500; 1.800; 0.800
0.500; 0.500; 1.800; 0.800
0.500; 0.500; 1.800; 0.800
0.500; 0.500; 1.800; 0.800
0.500; 0.500; 1.800; 0.800
0.500; 0.500; 1.800; 0.800
0.500; 0.500; 1.800; 0.800
0.500; 0.500; 1.800; 0.800
0.500; 0.500; 1.800; 0.800
0.500; 0.500; 1.800; 0.800
0.500; 0.500; 1.800; 0.800
0.500; 0.500; 1.800; 0.800
0.500; 0.500; 1.800; 0.800
0.500; 0.500; 1.800; 0.800
0.500; 0.500; 1.800; 0.800
0.500; 0.500; 1.800; 0.800
0.500; 0.500; 1.800; 0.800
0.500; 0.500; 1.800; 0.800
0.500; 0.500; 1.800; 0.800
0.500; 0.500; 1.800; 0.800
0.500; 0.500; 1.800; 0.800
0.500; 0.500; 1.800; 0.800
0.500; 0.500; 1.800; 0.800
0.500; 0.500; 1.800; 0.800
0.500; 0.500; 1.800; 0.800
0.500; 0.500; 1.800; 0.800
0.500; 0.500; 1.800; 0.800
0.500; 0.500; 1.800; 0.800
0.500; 0.500; 1.800; 0.800
0.500; 0.500; 1.800; 0.800
0.500; 0.500; 1.800; 0.800
0.500; 0.500; 1.800; 0.800
0.500; 0.500; 1.800; 0.800
0.500; 0.500; 1.800; 0.800
0.500; 0.500; 1.800; 0.800
0.500; 0.500; 1.800; 0.800
0.500; 0.500; 1.800; 0.800
0.500; 0.500; 1.800; 0.800
0.500; 0.500; 1.800; 0.800
0.500; 0.500; 1.800; 0.800
0.500; 0.500; 1.800; 0.800
0.500; 0.500; 1.800; 0.800
0.500; 0.500; 1.800; 0.800
0.500; 0.500; 1.800; 0.800
0.500; 0.500; 1.800; 0.800
0.500; 0.500; 1.800; 0.800
0.500; 0.500; 1.800; 0.800
0.500; 0.500; 1.800; 0.800
0.500; 0.500; 1.800; 0.800
0.500; 0.500; 1.800; 0.800
0.500; 0.500; 1.800; 0.800
0.500; 0.500; 1.800; 0.800
0.500; 0.500; 1.800; 0.800
0.500; 0.500; 1.800; 0.800
0.500; 0.500; 1.800; 0.800
0.500; 0.500; 1.800; 0.800
0.500; 0.500; 1.800; 0.800
0.500; 0.500; 1.800; 0.800
0.500; 0.500; 1.800; 0.800
0.500; 0.500; 1.800; 0.800
0.500; 0.500; 1.800; 0.800
0.500; 0.500; 1.800; 0.800
0.500; 0.500; 1.800; 0.800
0.500; 0.500; 1.800; 0.800
0.500; 0.500; 1.800; 0.800
0.500; 0.500; 1.800; 0.800
0.500; 0.500; 1.800; 0.800
0.500; 0.500; 1.800; 0.800
0.500; 0.500; 1.800; 0.800
0.500; 0.500; 1.800; 0.800
0.500; 0.500; 1.800; 0.800
0.500; 0.500; 1.800; 0.800
0.500; 0.500; 1.800; 0.800
0.500; 0.500; 1.800; 0.800
0.500; 0.500; 1.800; 0.800
0.500; 0.500; 1.800; 0.800
0.500; 0.500; 1.800; 0.800
0.500; 0.500; 1.800; 0.800
0.500; 0.500; 1.800; 0.800
0.500; 0.500; 1.800; 0.800
0.500; 0.500; 1.800; 0.800
0.500; 0.500; 1.800; 0.800
0.500; 0.500; 1.800; 0.800
0.500; 0.500; 1.800; 0.800
0.500; 0.500; 1.800; 0.800
0.500; 0.500; 1.800; 0.800
0.500; 0.500; 1.800; 0.800
0.500; 0.500; 1.800; 0.800
0.500; 0.500; 1.800; 0.800
0.500; 0.500; 1.800; 0.800
0.500; 0.500; 1.800; 0.800
0.500; 0.500; 1.800; 0.800
0.500; 0.500; 1.800; 0.800
0.500; 0.500; 1.800; 0.800
0.500; 0.500; 1.800; 0.800
0.500; 0.500; 1.800; 0.800
0.500; 0.500; 1.800; 0.800
0.500; 0.500; 1.800; 0.800
0.500; 0.500; 1.800; 0.800
0.500; 0.500; 1.800; 0.800
0.500; 0.500; 1.800; 0.800
0.500; 0.500; 1.800; 0.800
0.500; 0.500; 1.800; 0.800
0.500; 0.500; 1.800; 0.800
0.500; 0.500; 1.800; 0.800
0.500; 0.500; 1.800; 0.800
0.500; 0.500; 1.800; 0.800
0.500; 0.500; 1.800; 0.800
0.500; 0.500; 1.800; 0.800
0.500; 0.500; 1.800; 0.800
0.500; 0.500; 1.800; 0.800
0.500; 0.500; 1.800; 0.800
0.500; 0.500; 1.800; 0.800
0.500; 0.500; 1.800; 0.800
0.500; 0.500; 1.800; 0.800
0.500; 0.500; 1.800; 0.800
0.500; 0.500; 1.800; 0.800
0.500; 0.500; 1.800; 0.800
0.500; 0.500; 1.800; 0.800
0.500; 0.500; 1.800; 0.800
0.500; 0.500; 1.800; 0.800
0.500; 0.500; 1.800; 0.800
0.500; 0.500; 1.800; 0.800
0.500; 0.500; 1.800; 0.800
0.500; 0.500; 1.800; 0.800
0.500; 0.500; 1.800; 0.800
0.500; 0.500; 1.800; 0.800
0.500; 0.500; 1.800; 0.800
0.500; 0.500; 1.800; 0.800
0.500; 0.500; 1.800; 0.800
0.500; 0.500; 1.800; 0.800
0.500; 0.500; 1.800; 0.800
0.500; 0.500; 1.800; 0.800
0.500; 0.500; 1.800; 0.800
0.500; 0.500; 1.800; 0.800
0.500; 0.500; 1.800; 0.800
0.500; 0.500; 1.800; 0.800
0.500; 0.500; 1.800; 0.800
0.500; 0.500; 1.800; 0.800
0.500; 0.500; 1.800; 0.800
0.500; 0.500; 1.800; 0.800
0.500; 0.500; 1.800; 0.800
0.500; 0.500; 1.800; 0.800
0.500; 0.500; 1.800; 0.800
0.500; 0.500; 1.800; 0.800
0.500; 0.500; 1.800; 0.800
0.500; 0.500; 1.800; 0.800
0.500; 0.500; 1.800; 0.800
0.500; 0.500; 1.800; 0.800
0.500; 0.500; 1.800; 0.800
0.500; 0.500; 1.800; 0.800
0.500; 0.500; 1.800; 0.800
0.500; 0.500; 1.800; 0.800
0.500; 0.500; 1.800; 0.800
0.500; 0.500; 1.800; 0.800
0.500; 0.500; 1.800; 0.800
0.500; 0.500; 1.800; 0.800
0.500; 0.500; 1.800; 0.800
0.500; 0.500; 1.800; 0.800
0.500; 0.500; 1.800; 0.800
0.500; 0.500; 1.800; 0.800
0.500; 0.500; 1.800; 0.800
0.500; 0.500; 1.800; 0.800
0.500; 0.500; 1.800; 0.800
0.500; 0.500; 1.800; 0.800
0.500; 0.500; 1.800; 0.800
0.500; 0.500; 1.800; 0.800
0.500; 0.500; 1.800; 0.800
0.500; 0.500; 1.800; 0.800
0.500; 0.500; 1.800; 0.800
0.500; 0.500; 1.800; 0.800
0.500; 0.500; 1.800; 0.800
0.500; 0.500; 1.800; 0.800
0.500; 0.500; 1.800; 0.800
0.500; 0.500; 1.800; 0.800
0.500; 0.500; 1.800; 0.800
0.500; 0.500; 1.800; 0.800
0.500; 0.500; 1.800; 0.800
0.500; 0.500; 1.800; 0.800
0.500; 0.500; 1.800; 0.800
0.500; 0.500; 1.800; 0.800
0.500; 0.500; 1.800; 0.800
0.500; 0.500; 1.800; 0.800
0.500; 0.500; 1.800; 0.800
0.500; 0.500; 1.800; 0.800
0.500; 0.500; 1.800; 0.800
0.500; 0.500; 1.800; 0.800
0.500; 0.500; 1.800; 0.800
0.500; 0.500; 1.800; 0.800
0.500; 0.500; 1.800; 0.800
0.500; 0.500; 1.800; 0.800
0.500; 0.500; 1.800; 0.800
0.500; 0.500; 1.800; 0.800
0.500; 0.500; 1.800; 0.800
0.500; 0.500; 1.800; 0.800
0.500; 0.500; 1.800; 0.800
0.500; 0.500; 1.800; 0.800
0.500; 0.500; 1.800; 0.800
0.500; 0.500; 1.800; 0.800
0.500; 0.500; 1.800; 0.800
0.500; 0.500; 1.800; 0.800
0.500; 0.500; 1.800; 0.800
0.500; 0.500; 1.800; 0.800
0.500; 0.500; 1.800; 0.800
0.500; 0.500; 1.800; 0.800
0.500; 0.500; 1.800; 0.800
0.500; 0.500; 1.800; 0.800
0.500; 0.500; 1.800; 0.800
0.500; 0.500; 1.800; 0.800
0.500; 0.500; 1.800; 0.800
0.500; 0.500; 1.800; 0.800
0.500; 0.500; 1.800; 0.800
0.500; 0.500; 1.800; 0.800
0.500; 0.500; 1.800; 0.800
0.500; 0.500; 1.800; 0.800
0.500; 0.500; 1.800; 0.800
0.500; 0.500; 1.800; 0.800
0.500; 0.500; 1.800; 0.800
0.500; 0.500; 1.800; 0.800
0.500; 0.500; 1.800; 0.800
0.500; 0.500; 1.800; 0.800
0.500; 0.500; 1.800; 0.800
0.500; 0.500; 1.800; 0.800
0.500; 0.500; 1.800; 0.800
0.500; 0.500; 1.800; 0.800
0.500; 0.500; 1.800; 0.800
0.500; 0.500; 1.800; 0.800
0.500; 0.500; 1.800; 0.800
0.500; 0.500; 1.800; 0.800
0.500; 0.500; 1.800; 0.800
0.500; 0.500; 1.800; 0.800
0.500; 0.500; 1.800; 0.800
0.500; 0.500; 1.800; 0.800
0.500; 0.500; 1.800; 0.800
0.500; 0.500; 1.800; 0.800
0.500; 0.500; 1.800; 0.800
0.500; 0.500; 1.800; 0.800
0.500; 0.500; 1.800; 0.800
0.500; 0.500; 1.800; 0.800
0.500; 0.500; 1.800; 0.800
0.500; 0.500; 1.800; 0.800
0.500; 0.500; 1.800; 0.800
0.500; 0.500; 1.800; 0.800
0.500; 0.500; 1.800; 0.800
0.500; 0.500; 1.800; 0.800
0.500; 0.500; 1.800; 0.800
0.500; 0.500; 1.800; 0.800
0.500; 0.500; 1.800; 0.800
0.500; 0.500; 1.800; 0.800
0.500; 0.500; 1.800; 0.800
0.500; 0.500; 1.800; 0.800
0.500; 0.500; 1.800; 0.800
0.500; 0.500; 1.800; 0.800
0.500; 0.500; 1.800; 0.800
0.500; 0.500; 1.800; 0.800
0.500; 0.500; 1.800; 0.800
0.500; 0.500; 1.800; 0.800
0.500; 0.500; 1.800; 0.800
0.500; 0.500; 1.800; 0.800
0.500; 0.500; 1.800; 0.800
0.500; 0.500; 1.800; 0.800
0.500; 0.500; 1.800; 0.800
0.500; 0.500; 1.800; 0.800
0.500; 0.500; 1.800; 0.800
0.500; 0.500; 1.800; 0.800
0.500; 0.500; 1.800; 0.800
0.500; 0.500; 1.800; 0.800
0.500; 0.500; 1.800; 0.800
0.500; 0.500; 1.800; 0.800
0.500; 0.500; 1.800; 0.800
0.500; 0.500; 1.800; 0.800
0.500; 0.500; 1.800; 0.800
0.500; 0.500; 1.800; 0.800
0.500; 0.500; 1.800; 0.800
0.500; 0.500; 1.800; 0.800
0.500; 0.500; 1.800; 0.800
0.500; 0.500; 1.800; 0.800
0.500; 0.500; 1.800; 0.800
0.500; 0.500; 1.800; 0.800
0.500; 0.500; 1.800; 0.800
0.500; 0.500; 1.800; 0.800
0.500; 0.500; 1.800; 0.800
0.500; 0.500; 1.800; 0.800
0.500; 0.500; 1.800; 0.800
0.500; 0.500; 1.800; 0.800
0.500; 0.500; 1.800; 0.800
0.500; 0.500; 1.800; 0.800
0.500; 0.500; 1.800; 0.800
0.500; 0.500; 1.800; 0.800
0.500; 0.500; 1.800; 0.800
0.500; 0.500; 1.800; 0.800
0.500; 0.500; 1.800; 0.800
0.500; 0.500; 1.800; 0.800
0.500; 0.500; 1.800; 0.800
0.500; 0.500; 1.800; 0.800
0.500; 0.500; 1.800; 0.800
0.500; 0.500; 1.800; 0.800
0.500; 0.500; 1.800; 0.800
0.500; 0.500; 1.800; 0.800
0.500; 0.500; 1.800; 0.800
0.500; 0.500; 1.800; 0.800
0.500; 0.500; 1.800; 0.800
0.500; 0.500; 1.800; 0.800
0.500; 0.500; 1.800; 0.800

--- Итоговая статистика (Монте-Карло) ---
План х=2.000, 0.500
Истинные значения: σ=0.200, μ=1.000, γ=1.300, β=-0.150
Средние значения: σ=0.264, μ=0.771, γ=1.514, β=0.213
СКО (std):        σ=0.189, μ=0.221, γ=0.227, β=0.463
