Итерация; sigma; mu; gamma; beta
0.198; 1.005; 1.301; -0.149
0.201; 1.002; 1.300; -0.150
0.199; 0.993; 1.300; -0.150
0.198; 0.985; 1.299; -0.151
0.191; 0.984; 1.300; -0.150
0.183; 0.977; 1.302; -0.151
0.191; 1.005; 1.293; -0.152
0.187; 0.997; 1.299; -0.151
0.182; 1.010; 1.295; -0.151
0.183; 0.997; 1.297; -0.151
0.178; 0.992; 1.300; -0.150
0.186; 1.015; 1.293; -0.150
0.185; 0.997; 1.300; -0.150
0.187; 0.981; 1.304; -0.150
0.193; 0.998; 1.297; -0.151
0.199; 1.034; 1.287; -0.150
0.194; 1.044; 1.285; -0.150
0.204; 1.017; 1.288; -0.151
0.197; 1.026; 1.286; -0.151
0.198; 1.030; 1.281; -0.153
0.199; 1.025; 1.283; -0.153
0.194; 1.039; 1.280; -0.152
0.191; 1.054; 1.276; -0.152
0.191; 1.061; 1.274; -0.152
0.185; 1.076; 1.271; -0.152
0.184; 1.089; 1.268; -0.151
0.188; 1.074; 1.272; -0.151
0.185; 1.058; 1.275; -0.152
0.187; 1.040; 1.282; -0.151
0.190; 1.040; 1.278; -0.153
0.189; 1.035; 1.279; -0.152
0.191; 1.009; 1.285; -0.154
0.199; 1.013; 1.285; -0.153
0.198; 1.028; 1.282; -0.153
0.199; 1.019; 1.283; -0.154
0.194; 1.023; 1.282; -0.154
0.191; 1.011; 1.288; -0.153
0.186; 0.984; 1.295; -0.153
0.188; 0.981; 1.299; -0.153
0.194; 1.009; 1.292; -0.152
0.189; 1.005; 1.294; -0.152
0.187; 0.998; 1.294; -0.153
0.189; 1.020; 1.289; -0.152
0.191; 1.021; 1.289; -0.152
0.192; 1.039; 1.287; -0.151
0.192; 1.016; 1.294; -0.151
0.191; 1.027; 1.291; -0.151
0.183; 1.038; 1.290; -0.150
0.185; 1.040; 1.290; -0.150
0.181; 1.004; 1.300; -0.150
0.178; 0.986; 1.304; -0.151
0.179; 0.993; 1.304; -0.150
0.178; 1.005; 1.300; -0.150
0.180; 1.028; 1.294; -0.150
0.183; 1.040; 1.292; -0.150
0.184; 1.052; 1.291; -0.150
0.180; 1.059; 1.291; -0.149
0.181; 1.066; 1.288; -0.150
0.179; 1.075; 1.285; -0.150
0.174; 1.055; 1.292; -0.149
0.174; 1.069; 1.291; -0.149
0.172; 1.067; 1.290; -0.149
0.178; 1.068; 1.290; -0.148
0.182; 1.076; 1.289; -0.148
0.183; 1.069; 1.292; -0.148
0.178; 1.078; 1.289; -0.148
0.184; 1.109; 1.279; -0.148
0.177; 1.088; 1.281; -0.149
0.172; 1.078; 1.286; -0.149
0.171; 1.087; 1.283; -0.149
0.172; 1.071; 1.287; -0.150
0.169; 1.075; 1.287; -0.149
0.166; 1.069; 1.292; -0.148
0.161; 1.067; 1.293; -0.148
0.161; 1.071; 1.291; -0.147
0.163; 1.043; 1.297; -0.148
0.160; 1.037; 1.296; -0.149
0.152; 1.011; 1.305; -0.149
0.152; 1.013; 1.303; -0.149
0.149; 1.038; 1.296; -0.149
0.151; 1.058; 1.291; -0.149
0.150; 1.053; 1.291; -0.149
0.152; 1.054; 1.292; -0.149
0.150; 1.057; 1.290; -0.149
0.150; 1.076; 1.283; -0.150
0.149; 1.071; 1.284; -0.151
0.148; 1.063; 1.284; -0.151
0.149; 1.049; 1.287; -0.152
0.148; 1.043; 1.289; -0.151
0.150; 1.033; 1.292; -0.150
0.149; 1.022; 1.295; -0.151
0.148; 1.005; 1.298; -0.152
0.149; 1.026; 1.292; -0.151
0.150; 1.035; 1.289; -0.152
0.143; 1.031; 1.287; -0.153
0.146; 1.013; 1.291; -0.153
0.144; 1.020; 1.287; -0.153
0.143; 1.037; 1.284; -0.153
0.146; 1.022; 1.289; -0.153
0.143; 1.023; 1.287; -0.153
0.142; 1.035; 1.285; -0.153
0.142; 1.037; 1.283; -0.153
0.140; 1.042; 1.285; -0.151
0.140; 1.040; 1.287; -0.151
0.140; 1.019; 1.292; -0.151
0.143; 1.026; 1.293; -0.151
0.143; 1.023; 1.294; -0.151
0.141; 1.021; 1.292; -0.153
0.142; 1.017; 1.292; -0.153
0.140; 1.000; 1.296; -0.153
0.140; 1.008; 1.296; -0.152
0.139; 1.011; 1.295; -0.152
0.139; 1.017; 1.296; -0.152
0.137; 1.025; 1.292; -0.152
0.136; 1.036; 1.288; -0.153
0.138; 1.030; 1.289; -0.153
0.137; 1.034; 1.286; -0.154
0.139; 1.042; 1.283; -0.155
0.143; 1.041; 1.281; -0.155
0.142; 1.027; 1.283; -0.156
0.140; 1.013; 1.285; -0.156
0.136; 1.007; 1.283; -0.158
0.135; 1.012; 1.281; -0.159
0.135; 0.997; 1.284; -0.159
0.138; 1.008; 1.281; -0.159
0.135; 1.000; 1.281; -0.160
0.135; 0.996; 1.280; -0.161
0.136; 0.975; 1.285; -0.160
0.132; 0.962; 1.292; -0.159
0.132; 0.963; 1.295; -0.157
0.134; 0.976; 1.290; -0.158
0.132; 0.985; 1.285; -0.158
0.136; 0.998; 1.283; -0.158
0.138; 0.995; 1.281; -0.159
0.138; 0.980; 1.288; -0.158
0.141; 0.994; 1.284; -0.158
0.134; 0.999; 1.281; -0.158
0.137; 0.991; 1.283; -0.158
0.136; 0.983; 1.285; -0.158
0.136; 0.977; 1.287; -0.158
0.138; 0.977; 1.286; -0.158
0.140; 0.989; 1.283; -0.158
0.139; 0.969; 1.290; -0.158
0.135; 0.960; 1.290; -0.159
0.134; 0.949; 1.294; -0.159
0.134; 0.933; 1.298; -0.159
0.136; 0.934; 1.300; -0.159
0.136; 0.959; 1.293; -0.158
0.133; 0.929; 1.303; -0.158
0.134; 0.922; 1.305; -0.158
0.131; 0.931; 1.304; -0.156
0.127; 0.920; 1.310; -0.156
0.127; 0.907; 1.312; -0.157
0.128; 0.884; 1.319; -0.157
0.129; 0.896; 1.315; -0.157
0.131; 0.903; 1.313; -0.157
0.127; 0.908; 1.312; -0.158
0.130; 0.896; 1.314; -0.159
0.130; 0.902; 1.311; -0.159
0.131; 0.908; 1.310; -0.159
0.127; 0.913; 1.308; -0.159
0.128; 0.906; 1.309; -0.159
0.126; 0.891; 1.313; -0.159
0.129; 0.898; 1.312; -0.159
0.129; 0.895; 1.315; -0.158
0.133; 0.908; 1.311; -0.158
0.134; 0.917; 1.308; -0.158
0.131; 0.910; 1.311; -0.158
0.129; 0.905; 1.314; -0.157
0.126; 0.913; 1.313; -0.157
0.125; 0.923; 1.310; -0.157
0.125; 0.926; 1.308; -0.157
0.124; 0.920; 1.310; -0.157
0.126; 0.929; 1.306; -0.158
0.124; 0.936; 1.306; -0.157
0.119; 0.929; 1.309; -0.157
0.123; 0.935; 1.308; -0.157
0.119; 0.934; 1.306; -0.157
0.119; 0.928; 1.308; -0.157
0.123; 0.944; 1.303; -0.157
0.126; 0.946; 1.301; -0.157
0.130; 0.961; 1.296; -0.157
0.127; 0.975; 1.290; -0.158
0.129; 0.973; 1.290; -0.158
0.127; 0.960; 1.292; -0.158
0.127; 0.961; 1.290; -0.158
0.128; 0.962; 1.290; -0.159
0.125; 0.959; 1.291; -0.159
0.127; 0.950; 1.293; -0.159
0.123; 0.956; 1.290; -0.159
0.124; 0.952; 1.290; -0.160
0.125; 0.954; 1.292; -0.158
0.122; 0.956; 1.290; -0.159
0.119; 0.952; 1.288; -0.160
0.118; 0.956; 1.289; -0.159
0.118; 0.939; 1.292; -0.160
0.115; 0.931; 1.295; -0.160
0.113; 0.913; 1.302; -0.160
0.110; 0.895; 1.307; -0.159
0.107; 0.890; 1.308; -0.159
0.109; 0.908; 1.302; -0.159
0.109; 0.920; 1.300; -0.158
0.111; 0.924; 1.300; -0.158
0.112; 0.920; 1.303; -0.157
0.114; 0.924; 1.301; -0.157
0.115; 0.914; 1.306; -0.156
0.115; 0.929; 1.302; -0.156
0.114; 0.924; 1.301; -0.157
0.113; 0.918; 1.303; -0.158
0.112; 0.913; 1.304; -0.158
0.110; 0.903; 1.307; -0.158
0.108; 0.910; 1.306; -0.158
0.110; 0.908; 1.308; -0.158
0.109; 0.891; 1.311; -0.158
0.115; 0.895; 1.310; -0.159
0.114; 0.897; 1.312; -0.158
0.116; 0.883; 1.317; -0.158
0.115; 0.875; 1.322; -0.156
0.114; 0.877; 1.323; -0.156
0.110; 0.873; 1.326; -0.155
0.106; 0.870; 1.325; -0.156
0.106; 0.872; 1.324; -0.155
0.104; 0.872; 1.326; -0.155
0.106; 0.879; 1.323; -0.155
0.105; 0.885; 1.322; -0.155
0.109; 0.889; 1.322; -0.154
0.112; 0.886; 1.321; -0.155
0.113; 0.889; 1.318; -0.156
0.111; 0.878; 1.320; -0.156
0.112; 0.882; 1.320; -0.156
0.109; 0.882; 1.321; -0.155
0.107; 0.882; 1.321; -0.156
0.107; 0.878; 1.321; -0.156
0.109; 0.889; 1.318; -0.156
0.109; 0.889; 1.317; -0.156
0.106; 0.893; 1.316; -0.156
0.105; 0.893; 1.316; -0.156
0.103; 0.893; 1.316; -0.156
0.103; 0.902; 1.314; -0.156
0.102; 0.907; 1.313; -0.156
0.106; 0.906; 1.313; -0.156
0.107; 0.928; 1.306; -0.156
0.105; 0.936; 1.305; -0.155
0.106; 0.947; 1.300; -0.156
0.104; 0.932; 1.301; -0.157
0.104; 0.923; 1.305; -0.157
0.105; 0.931; 1.303; -0.157
0.104; 0.929; 1.304; -0.157
0.103; 0.918; 1.307; -0.156
0.101; 0.904; 1.311; -0.157
0.103; 0.902; 1.312; -0.156
0.104; 0.897; 1.314; -0.156
0.100; 0.910; 1.310; -0.156
0.098; 0.909; 1.310; -0.157
0.099; 0.919; 1.307; -0.156
0.101; 0.910; 1.311; -0.156
0.101; 0.907; 1.312; -0.155
0.101; 0.900; 1.311; -0.157
0.102; 0.908; 1.308; -0.157
0.101; 0.912; 1.304; -0.157
0.104; 0.913; 1.305; -0.157
0.104; 0.908; 1.306; -0.157
0.104; 0.933; 1.299; -0.157
0.101; 0.933; 1.299; -0.157
0.100; 0.930; 1.300; -0.157
0.102; 0.944; 1.294; -0.158
0.101; 0.938; 1.296; -0.158
0.098; 0.945; 1.292; -0.158
0.095; 0.938; 1.295; -0.158
0.095; 0.939; 1.296; -0.158
0.097; 0.947; 1.295; -0.157
0.099; 0.951; 1.293; -0.157
0.096; 0.954; 1.294; -0.156
0.092; 0.949; 1.295; -0.157
0.092; 0.959; 1.293; -0.156
0.096; 0.965; 1.292; -0.156
0.094; 0.951; 1.298; -0.156
0.094; 0.937; 1.302; -0.156
0.095; 0.952; 1.297; -0.156
0.094; 0.957; 1.297; -0.155
0.096; 0.963; 1.295; -0.155
0.095; 0.962; 1.295; -0.155
0.090; 0.965; 1.295; -0.155
0.089; 0.965; 1.294; -0.155
0.090; 0.962; 1.295; -0.155
0.090; 0.961; 1.296; -0.155
0.090; 0.970; 1.294; -0.154
0.092; 0.966; 1.296; -0.154
0.094; 0.975; 1.294; -0.153
0.091; 0.975; 1.294; -0.154
0.093; 0.986; 1.291; -0.153
0.091; 0.970; 1.295; -0.154
0.092; 0.975; 1.294; -0.154
0.092; 0.969; 1.295; -0.154
0.089; 0.965; 1.298; -0.153
0.089; 0.965; 1.297; -0.153
0.088; 0.955; 1.299; -0.153
0.089; 0.968; 1.295; -0.154
0.089; 0.969; 1.295; -0.154
0.090; 0.973; 1.292; -0.154
0.090; 0.966; 1.294; -0.154
0.090; 0.971; 1.293; -0.154
0.088; 0.965; 1.293; -0.155
0.085; 0.976; 1.290; -0.155
0.085; 0.988; 1.287; -0.154
0.085; 0.980; 1.289; -0.154
0.085; 0.982; 1.290; -0.154
0.084; 0.994; 1.286; -0.154
0.084; 1.002; 1.284; -0.154
0.084; 0.994; 1.287; -0.154
0.083; 0.997; 1.285; -0.154
0.084; 1.002; 1.283; -0.154
0.086; 0.999; 1.284; -0.155
0.085; 0.997; 1.285; -0.154
0.085; 0.996; 1.286; -0.154
0.086; 0.995; 1.286; -0.154
0.084; 1.002; 1.285; -0.154
0.083; 0.998; 1.285; -0.155
0.081; 0.997; 1.286; -0.155
0.081; 0.989; 1.290; -0.154
0.084; 0.989; 1.289; -0.154
0.082; 0.987; 1.290; -0.154
0.082; 0.981; 1.292; -0.154
0.081; 0.978; 1.293; -0.154
0.080; 0.974; 1.295; -0.154
0.082; 0.968; 1.296; -0.154
0.082; 0.968; 1.295; -0.155
0.081; 0.964; 1.298; -0.154
0.081; 0.978; 1.293; -0.154
0.080; 0.980; 1.292; -0.154
0.084; 0.973; 1.295; -0.154
0.082; 0.964; 1.297; -0.155
0.083; 0.964; 1.297; -0.154
0.084; 0.972; 1.293; -0.155
0.084; 0.969; 1.295; -0.154
0.084; 0.959; 1.299; -0.155
0.085; 0.959; 1.298; -0.155
0.087; 0.964; 1.298; -0.155
0.087; 0.963; 1.298; -0.155
0.086; 0.955; 1.301; -0.155
0.084; 0.945; 1.303; -0.155
0.086; 0.940; 1.305; -0.155
0.089; 0.943; 1.303; -0.155
0.085; 0.942; 1.303; -0.155
0.085; 0.934; 1.305; -0.155
0.083; 0.933; 1.306; -0.155
0.083; 0.932; 1.306; -0.155
0.081; 0.931; 1.305; -0.155
0.083; 0.927; 1.304; -0.156
0.084; 0.923; 1.305; -0.156
0.085; 0.921; 1.306; -0.156
0.082; 0.925; 1.305; -0.156
0.081; 0.926; 1.305; -0.156
0.082; 0.930; 1.303; -0.156
0.079; 0.922; 1.306; -0.156
0.080; 0.918; 1.306; -0.156
0.076; 0.918; 1.307; -0.156
0.074; 0.918; 1.304; -0.157
0.074; 0.931; 1.299; -0.157
0.076; 0.942; 1.296; -0.157
0.075; 0.940; 1.293; -0.158
0.075; 0.933; 1.295; -0.158
0.072; 0.927; 1.297; -0.158
0.073; 0.923; 1.298; -0.158
0.072; 0.925; 1.297; -0.158
0.071; 0.920; 1.299; -0.158
0.070; 0.915; 1.301; -0.157
0.067; 0.913; 1.304; -0.157
0.067; 0.920; 1.302; -0.157
0.069; 0.910; 1.306; -0.156
0.069; 0.913; 1.304; -0.157
0.070; 0.912; 1.304; -0.157
0.071; 0.918; 1.302; -0.157
0.074; 0.932; 1.297; -0.157
0.075; 0.930; 1.297; -0.157
0.075; 0.930; 1.297; -0.157
0.077; 0.934; 1.295; -0.157
0.076; 0.931; 1.295; -0.158
0.076; 0.933; 1.293; -0.158
0.075; 0.925; 1.295; -0.158
0.075; 0.922; 1.297; -0.158
0.076; 0.919; 1.298; -0.158
0.078; 0.921; 1.298; -0.157
0.078; 0.935; 1.294; -0.157
0.078; 0.928; 1.295; -0.157
0.079; 0.924; 1.297; -0.157
0.079; 0.933; 1.296; -0.157
0.074; 0.926; 1.298; -0.157
0.073; 0.921; 1.301; -0.157
0.072; 0.920; 1.301; -0.156
0.070; 0.914; 1.302; -0.157
0.067; 0.920; 1.300; -0.157
0.067; 0.926; 1.299; -0.156
0.067; 0.926; 1.299; -0.156
0.069; 0.931; 1.299; -0.156
0.069; 0.932; 1.298; -0.156
0.068; 0.930; 1.298; -0.157
0.066; 0.937; 1.297; -0.156
0.068; 0.932; 1.299; -0.156
0.070; 0.931; 1.299; -0.156
0.070; 0.924; 1.301; -0.156
0.068; 0.918; 1.302; -0.156
0.068; 0.919; 1.303; -0.156
0.067; 0.916; 1.303; -0.156
0.066; 0.920; 1.302; -0.156
0.067; 0.912; 1.305; -0.156
0.068; 0.905; 1.307; -0.156
0.069; 0.903; 1.308; -0.156
0.067; 0.906; 1.308; -0.155
0.067; 0.908; 1.307; -0.155
0.068; 0.906; 1.308; -0.155
0.066; 0.901; 1.310; -0.155
0.068; 0.901; 1.309; -0.155
0.065; 0.902; 1.310; -0.155
0.064; 0.908; 1.308; -0.154
0.064; 0.910; 1.307; -0.155
0.066; 0.907; 1.309; -0.154
0.066; 0.902; 1.310; -0.154
0.065; 0.908; 1.309; -0.154
0.065; 0.901; 1.311; -0.155
0.065; 0.894; 1.313; -0.155
0.065; 0.899; 1.313; -0.154
0.066; 0.899; 1.314; -0.154
0.065; 0.904; 1.312; -0.154
0.068; 0.905; 1.310; -0.155
0.066; 0.909; 1.309; -0.155
0.067; 0.904; 1.309; -0.155
0.065; 0.901; 1.310; -0.155
0.066; 0.903; 1.309; -0.155
0.065; 0.893; 1.313; -0.155
0.067; 0.898; 1.312; -0.155
0.068; 0.900; 1.310; -0.155
0.069; 0.909; 1.307; -0.155
0.069; 0.916; 1.305; -0.155
0.070; 0.923; 1.303; -0.155
0.070; 0.911; 1.306; -0.155
0.070; 0.920; 1.304; -0.155
0.069; 0.913; 1.306; -0.155
0.069; 0.920; 1.302; -0.155
0.070; 0.927; 1.301; -0.155
0.068; 0.925; 1.302; -0.155
0.069; 0.932; 1.299; -0.155
0.072; 0.941; 1.298; -0.154
0.071; 0.945; 1.296; -0.155
0.071; 0.945; 1.296; -0.155
0.071; 0.949; 1.294; -0.155
0.071; 0.950; 1.294; -0.155
0.070; 0.955; 1.291; -0.155
0.071; 0.954; 1.291; -0.155
0.070; 0.959; 1.290; -0.154
0.068; 0.961; 1.290; -0.154
0.071; 0.962; 1.290; -0.154
0.072; 0.955; 1.292; -0.154
0.071; 0.947; 1.294; -0.154
0.071; 0.950; 1.293; -0.155
0.069; 0.950; 1.293; -0.155
0.070; 0.948; 1.293; -0.155
0.067; 0.944; 1.295; -0.154
0.068; 0.941; 1.297; -0.154
0.066; 0.936; 1.297; -0.154
0.066; 0.930; 1.300; -0.154
0.067; 0.930; 1.299; -0.155
0.067; 0.933; 1.298; -0.155
0.068; 0.938; 1.295; -0.155
0.069; 0.936; 1.296; -0.155
0.070; 0.928; 1.299; -0.156
0.071; 0.928; 1.300; -0.155
0.071; 0.926; 1.298; -0.156
0.070; 0.924; 1.299; -0.156
0.068; 0.924; 1.298; -0.156
0.067; 0.932; 1.295; -0.156
0.066; 0.924; 1.298; -0.156
0.064; 0.932; 1.296; -0.156
0.062; 0.935; 1.293; -0.157
0.065; 0.926; 1.294; -0.157
0.065; 0.926; 1.294; -0.157
0.068; 0.928; 1.293; -0.158
0.067; 0.924; 1.295; -0.158
0.068; 0.927; 1.295; -0.158
0.066; 0.925; 1.296; -0.158
0.069; 0.936; 1.295; -0.157
0.068; 0.942; 1.294; -0.157
0.067; 0.939; 1.295; -0.157
0.067; 0.937; 1.296; -0.157
0.066; 0.937; 1.296; -0.157
0.066; 0.945; 1.294; -0.157
0.064; 0.948; 1.292; -0.157
0.063; 0.953; 1.290; -0.157
0.063; 0.950; 1.292; -0.157
0.063; 0.944; 1.294; -0.157
0.061; 0.941; 1.296; -0.156
0.061; 0.929; 1.299; -0.157
0.062; 0.922; 1.301; -0.156
0.061; 0.916; 1.303; -0.157
0.061; 0.923; 1.301; -0.156
0.063; 0.919; 1.301; -0.157
0.061; 0.922; 1.300; -0.157
0.063; 0.922; 1.300; -0.157
0.063; 0.926; 1.299; -0.157
0.063; 0.929; 1.298; -0.157
0.065; 0.931; 1.296; -0.158
0.064; 0.923; 1.298; -0.158
0.064; 0.929; 1.296; -0.158
0.063; 0.934; 1.294; -0.158
0.064; 0.940; 1.293; -0.158
0.062; 0.939; 1.295; -0.157
0.062; 0.945; 1.293; -0.157
0.061; 0.946; 1.293; -0.158
0.060; 0.951; 1.291; -0.158
0.060; 0.945; 1.293; -0.158
0.060; 0.945; 1.292; -0.158
0.059; 0.941; 1.293; -0.158
0.057; 0.948; 1.291; -0.159
0.057; 0.960; 1.288; -0.158
0.056; 0.960; 1.288; -0.158
0.056; 0.963; 1.288; -0.158
0.057; 0.962; 1.288; -0.158
0.055; 0.959; 1.289; -0.158
0.053; 0.961; 1.289; -0.158
0.052; 0.961; 1.289; -0.158
0.055; 0.959; 1.289; -0.158
0.056; 0.953; 1.290; -0.158
0.055; 0.955; 1.290; -0.158
0.054; 0.958; 1.288; -0.158
0.052; 0.958; 1.289; -0.158
0.052; 0.960; 1.289; -0.158
0.053; 0.961; 1.288; -0.158
0.053; 0.962; 1.288; -0.158
0.052; 0.961; 1.288; -0.158
0.051; 0.966; 1.287; -0.158
0.051; 0.967; 1.286; -0.159
0.049; 0.967; 1.286; -0.159
0.050; 0.963; 1.287; -0.158
0.052; 0.964; 1.286; -0.159
0.052; 0.959; 1.287; -0.159
0.053; 0.958; 1.287; -0.159
0.052; 0.960; 1.288; -0.158
0.052; 0.957; 1.289; -0.158
0.053; 0.958; 1.289; -0.158
0.054; 0.957; 1.288; -0.159
0.056; 0.952; 1.289; -0.159
0.056; 0.953; 1.289; -0.159
0.056; 0.946; 1.290; -0.159
0.056; 0.947; 1.292; -0.158
0.057; 0.955; 1.290; -0.158
0.058; 0.967; 1.286; -0.158
0.056; 0.962; 1.287; -0.158
0.055; 0.970; 1.284; -0.158
0.055; 0.967; 1.284; -0.158
0.056; 0.966; 1.284; -0.159
0.055; 0.970; 1.283; -0.159
0.055; 0.961; 1.285; -0.159
0.057; 0.957; 1.287; -0.159
0.059; 0.961; 1.286; -0.159
0.061; 0.957; 1.288; -0.159
0.060; 0.962; 1.285; -0.159
0.061; 0.966; 1.284; -0.159
0.059; 0.974; 1.282; -0.159
0.059; 0.971; 1.283; -0.159
0.057; 0.975; 1.282; -0.159
0.057; 0.970; 1.283; -0.159
0.056; 0.965; 1.283; -0.159
0.056; 0.954; 1.286; -0.160
0.055; 0.951; 1.287; -0.160
0.056; 0.957; 1.285; -0.159
0.056; 0.954; 1.286; -0.160
0.055; 0.955; 1.285; -0.160
0.056; 0.961; 1.283; -0.160
0.056; 0.959; 1.284; -0.160
0.056; 0.964; 1.282; -0.160
0.055; 0.964; 1.282; -0.160
0.055; 0.965; 1.283; -0.160
0.056; 0.961; 1.284; -0.160
0.055; 0.961; 1.284; -0.160
0.056; 0.954; 1.286; -0.160
0.057; 0.952; 1.287; -0.160
0.055; 0.949; 1.288; -0.160
0.057; 0.953; 1.286; -0.160
0.057; 0.946; 1.289; -0.160
0.058; 0.945; 1.289; -0.160
0.058; 0.953; 1.287; -0.160
0.056; 0.955; 1.287; -0.160
0.055; 0.953; 1.286; -0.161
0.054; 0.951; 1.287; -0.160
0.056; 0.962; 1.284; -0.160
0.057; 0.963; 1.284; -0.160
0.059; 0.961; 1.285; -0.160
0.060; 0.964; 1.284; -0.160
0.060; 0.961; 1.284; -0.160
0.061; 0.969; 1.283; -0.160
0.061; 0.972; 1.282; -0.160
0.060; 0.978; 1.281; -0.160
0.058; 0.986; 1.277; -0.160
0.057; 0.983; 1.278; -0.160
0.054; 0.987; 1.278; -0.160
0.052; 0.982; 1.280; -0.159
0.050; 0.982; 1.280; -0.160
0.049; 0.983; 1.279; -0.160
0.050; 0.979; 1.280; -0.160
0.048; 0.979; 1.280; -0.160
0.050; 0.982; 1.278; -0.160
0.050; 0.989; 1.277; -0.160
0.051; 0.988; 1.277; -0.160
0.051; 0.990; 1.277; -0.160
0.051; 0.992; 1.276; -0.160
0.050; 0.992; 1.277; -0.161
0.049; 1.000; 1.275; -0.160
0.049; 0.999; 1.275; -0.160
0.050; 0.992; 1.277; -0.160
0.050; 0.998; 1.275; -0.160
0.050; 0.997; 1.276; -0.160
0.050; 1.002; 1.275; -0.160
0.049; 1.001; 1.276; -0.160
0.050; 1.008; 1.274; -0.160
0.050; 1.006; 1.274; -0.160
0.049; 1.002; 1.276; -0.160
0.048; 1.004; 1.275; -0.160
0.046; 1.004; 1.276; -0.159
0.046; 1.008; 1.274; -0.160
0.046; 1.005; 1.275; -0.160
0.047; 1.006; 1.275; -0.160
0.045; 1.010; 1.273; -0.160
0.047; 1.008; 1.273; -0.160
0.049; 1.016; 1.272; -0.160
0.048; 1.013; 1.273; -0.160
0.048; 1.017; 1.271; -0.160
0.050; 1.012; 1.272; -0.160
0.049; 1.010; 1.273; -0.160
0.050; 1.003; 1.275; -0.161
0.050; 1.001; 1.275; -0.160
0.049; 0.999; 1.276; -0.161
0.049; 0.996; 1.276; -0.161
0.047; 0.998; 1.276; -0.160
0.047; 0.997; 1.276; -0.161
0.046; 0.995; 1.276; -0.161
0.045; 0.990; 1.278; -0.161
0.046; 0.990; 1.278; -0.161
0.045; 0.990; 1.278; -0.160
0.045; 0.993; 1.278; -0.160
0.044; 0.990; 1.279; -0.160
0.045; 0.985; 1.280; -0.161
0.044; 0.979; 1.281; -0.161
0.043; 0.982; 1.281; -0.161
0.044; 0.985; 1.279; -0.161
0.044; 0.991; 1.278; -0.161
0.043; 0.991; 1.278; -0.161
0.042; 0.991; 1.278; -0.161
0.043; 0.987; 1.279; -0.161
0.042; 0.985; 1.279; -0.161
0.041; 0.987; 1.279; -0.161
0.040; 0.988; 1.278; -0.161
0.041; 0.981; 1.280; -0.161
0.043; 0.991; 1.277; -0.161
0.041; 0.983; 1.280; -0.161
0.041; 0.986; 1.279; -0.161
0.041; 0.991; 1.278; -0.161
0.040; 0.994; 1.277; -0.161
0.040; 0.994; 1.277; -0.161
0.040; 0.996; 1.276; -0.161
0.040; 1.001; 1.275; -0.161
0.041; 1.000; 1.275; -0.161
0.040; 1.000; 1.275; -0.161
0.039; 0.997; 1.276; -0.161
0.040; 0.995; 1.276; -0.161
0.040; 0.995; 1.276; -0.161
0.039; 0.993; 1.277; -0.161
0.039; 0.993; 1.277; -0.161
0.039; 0.995; 1.277; -0.160
0.039; 0.999; 1.276; -0.160
0.039; 0.998; 1.277; -0.160
0.040; 0.993; 1.278; -0.160
0.041; 0.994; 1.277; -0.161
0.040; 0.993; 1.277; -0.161
0.040; 0.993; 1.276; -0.161
0.041; 0.983; 1.279; -0.161
0.042; 0.979; 1.280; -0.161
0.041; 0.975; 1.282; -0.161
0.040; 0.973; 1.282; -0.161
0.040; 0.970; 1.283; -0.161
0.039; 0.969; 1.285; -0.161
0.038; 0.962; 1.286; -0.161
0.036; 0.962; 1.286; -0.161
0.038; 0.964; 1.286; -0.161
0.039; 0.966; 1.285; -0.161
0.038; 0.962; 1.287; -0.160
0.037; 0.961; 1.287; -0.160
0.037; 0.959; 1.287; -0.160
0.037; 0.958; 1.287; -0.160
0.038; 0.963; 1.286; -0.161
0.038; 0.968; 1.285; -0.161
0.038; 0.973; 1.284; -0.160
0.037; 0.981; 1.281; -0.161
0.037; 0.983; 1.280; -0.161
0.036; 0.984; 1.280; -0.161
0.036; 0.983; 1.279; -0.161
0.037; 0.985; 1.279; -0.161
0.038; 0.988; 1.278; -0.161
0.039; 0.991; 1.277; -0.161
0.039; 0.993; 1.276; -0.161
0.038; 0.993; 1.277; -0.161
0.039; 0.996; 1.276; -0.161
0.039; 0.997; 1.276; -0.160
0.040; 0.998; 1.276; -0.160
0.041; 0.995; 1.277; -0.160
0.040; 0.992; 1.278; -0.160
0.039; 0.989; 1.279; -0.160
0.037; 0.989; 1.279; -0.160
0.038; 0.986; 1.280; -0.160
0.037; 0.984; 1.281; -0.160
0.037; 0.988; 1.281; -0.160
0.038; 0.988; 1.281; -0.160
0.038; 0.991; 1.280; -0.160
0.037; 0.994; 1.279; -0.160
0.037; 0.995; 1.279; -0.160
0.036; 0.992; 1.279; -0.160
0.036; 0.992; 1.279; -0.160
0.037; 0.991; 1.280; -0.160
0.035; 0.999; 1.278; -0.160
0.036; 1.003; 1.276; -0.160
0.036; 1.005; 1.276; -0.160
0.036; 1.007; 1.276; -0.160
0.036; 1.014; 1.274; -0.160
0.036; 1.016; 1.273; -0.160
0.036; 1.012; 1.274; -0.160
0.037; 1.009; 1.275; -0.160
0.038; 1.013; 1.274; -0.160
0.039; 1.012; 1.275; -0.160
0.038; 1.012; 1.274; -0.160
0.039; 1.009; 1.276; -0.159
0.039; 1.007; 1.277; -0.159
0.039; 1.010; 1.276; -0.159
0.039; 1.006; 1.277; -0.159
0.038; 1.005; 1.278; -0.159
0.039; 1.007; 1.278; -0.159
0.039; 1.002; 1.280; -0.159
0.040; 1.004; 1.279; -0.159
0.039; 1.003; 1.280; -0.159
0.039; 1.009; 1.278; -0.159
0.040; 1.008; 1.279; -0.159
0.040; 1.011; 1.278; -0.159
0.042; 1.015; 1.277; -0.159
0.042; 1.013; 1.278; -0.159
0.043; 1.014; 1.278; -0.159
0.042; 1.017; 1.277; -0.159
0.042; 1.024; 1.275; -0.159
0.041; 1.028; 1.274; -0.159
0.040; 1.028; 1.274; -0.159
0.042; 1.035; 1.272; -0.159
0.041; 1.033; 1.272; -0.159
0.041; 1.035; 1.272; -0.159
0.042; 1.038; 1.271; -0.159
0.042; 1.039; 1.271; -0.159
0.042; 1.037; 1.272; -0.159
0.043; 1.038; 1.272; -0.159
0.044; 1.040; 1.272; -0.158
0.045; 1.046; 1.271; -0.158
0.045; 1.042; 1.272; -0.158
0.047; 1.041; 1.273; -0.158
0.045; 1.041; 1.272; -0.158
0.045; 1.039; 1.272; -0.159
0.045; 1.035; 1.273; -0.159
0.044; 1.037; 1.273; -0.159
0.043; 1.035; 1.274; -0.159
0.043; 1.036; 1.273; -0.159
0.044; 1.036; 1.274; -0.158
0.044; 1.034; 1.274; -0.158
0.045; 1.027; 1.276; -0.159
0.044; 1.026; 1.277; -0.158
0.044; 1.025; 1.277; -0.159
0.044; 1.025; 1.277; -0.158
0.044; 1.025; 1.278; -0.158
0.044; 1.025; 1.278; -0.158
0.044; 1.023; 1.277; -0.159
0.043; 1.027; 1.276; -0.159
0.044; 1.026; 1.277; -0.159
0.045; 1.032; 1.275; -0.158
0.046; 1.035; 1.274; -0.158
0.048; 1.034; 1.274; -0.158
0.048; 1.035; 1.275; -0.158
0.046; 1.034; 1.274; -0.159
0.047; 1.040; 1.273; -0.159
0.047; 1.036; 1.273; -0.159
0.046; 1.036; 1.274; -0.159
0.046; 1.037; 1.273; -0.159
0.044; 1.042; 1.272; -0.159
0.045; 1.046; 1.272; -0.159
0.045; 1.049; 1.271; -0.159
0.045; 1.041; 1.274; -0.159
0.047; 1.043; 1.273; -0.159
0.046; 1.040; 1.273; -0.159
0.046; 1.033; 1.275; -0.159
0.046; 1.030; 1.276; -0.159
0.046; 1.024; 1.278; -0.159
0.045; 1.027; 1.277; -0.159
0.046; 1.026; 1.278; -0.159
0.046; 1.017; 1.280; -0.159
0.045; 1.016; 1.281; -0.159
0.045; 1.007; 1.283; -0.159
0.046; 1.009; 1.283; -0.159
0.047; 1.010; 1.282; -0.159
0.045; 1.012; 1.282; -0.159
0.045; 1.021; 1.279; -0.159
0.046; 1.020; 1.280; -0.159
0.047; 1.026; 1.278; -0.159
0.048; 1.025; 1.279; -0.159
0.048; 1.024; 1.279; -0.159
0.047; 1.027; 1.278; -0.159
0.047; 1.023; 1.279; -0.159
0.047; 1.024; 1.279; -0.159
0.048; 1.028; 1.277; -0.159
0.048; 1.023; 1.278; -0.159
0.049; 1.025; 1.278; -0.159
0.049; 1.029; 1.277; -0.159
0.049; 1.030; 1.276; -0.159
0.049; 1.028; 1.277; -0.159
0.048; 1.025; 1.277; -0.159
0.047; 1.020; 1.278; -0.159
0.047; 1.023; 1.278; -0.159
0.046; 1.025; 1.278; -0.159
0.044; 1.024; 1.277; -0.159
0.044; 1.031; 1.276; -0.159
0.043; 1.033; 1.275; -0.159
0.043; 1.027; 1.277; -0.159
0.043; 1.025; 1.277; -0.159
0.042; 1.029; 1.276; -0.159
0.041; 1.024; 1.278; -0.159
0.041; 1.026; 1.278; -0.158
0.042; 1.026; 1.277; -0.159
0.042; 1.029; 1.276; -0.159
0.043; 1.029; 1.276; -0.159
0.044; 1.025; 1.277; -0.159
0.043; 1.025; 1.277; -0.159
0.043; 1.027; 1.276; -0.159
0.043; 1.025; 1.277; -0.159
0.042; 1.027; 1.276; -0.159
0.042; 1.027; 1.276; -0.159
0.042; 1.024; 1.277; -0.159
0.043; 1.026; 1.277; -0.159
0.044; 1.027; 1.277; -0.159
0.043; 1.023; 1.278; -0.159
0.043; 1.025; 1.278; -0.159
0.043; 1.025; 1.278; -0.159
0.042; 1.028; 1.277; -0.158
0.042; 1.027; 1.278; -0.158
0.042; 1.028; 1.277; -0.159
0.044; 1.025; 1.278; -0.158
0.044; 1.025; 1.278; -0.158
0.043; 1.026; 1.277; -0.158
0.044; 1.026; 1.277; -0.158
0.043; 1.026; 1.277; -0.158
0.042; 1.030; 1.276; -0.158
0.042; 1.032; 1.276; -0.158
0.043; 1.035; 1.275; -0.158
0.042; 1.036; 1.275; -0.158
0.042; 1.038; 1.275; -0.158
0.042; 1.042; 1.274; -0.158
0.043; 1.044; 1.274; -0.158
0.043; 1.048; 1.272; -0.158
0.042; 1.048; 1.273; -0.157
0.041; 1.043; 1.273; -0.158
0.040; 1.045; 1.272; -0.158
0.040; 1.040; 1.274; -0.158
0.040; 1.041; 1.273; -0.158
0.039; 1.041; 1.273; -0.158
0.039; 1.040; 1.273; -0.158
0.039; 1.037; 1.274; -0.158
0.039; 1.038; 1.274; -0.158
0.041; 1.042; 1.273; -0.158
0.042; 1.042; 1.273; -0.158
0.042; 1.040; 1.272; -0.159
0.042; 1.041; 1.272; -0.159
0.042; 1.036; 1.274; -0.158
0.040; 1.033; 1.275; -0.158
0.040; 1.030; 1.274; -0.158
0.039; 1.033; 1.274; -0.158
0.039; 1.031; 1.275; -0.158
0.038; 1.032; 1.274; -0.158
0.038; 1.038; 1.272; -0.158
0.037; 1.034; 1.273; -0.159
0.037; 1.032; 1.274; -0.159
0.037; 1.027; 1.275; -0.159
0.036; 1.030; 1.273; -0.159
0.034; 1.030; 1.273; -0.159
0.035; 1.026; 1.274; -0.159
0.035; 1.029; 1.273; -0.159
0.034; 1.028; 1.273; -0.159
0.034; 1.026; 1.273; -0.159
0.036; 1.031; 1.272; -0.159
0.036; 1.031; 1.272; -0.159
0.037; 1.029; 1.272; -0.159
0.037; 1.028; 1.273; -0.159
0.038; 1.031; 1.273; -0.158
0.037; 1.027; 1.274; -0.158
0.037; 1.028; 1.274; -0.158
0.037; 1.024; 1.275; -0.158
0.037; 1.023; 1.276; -0.158
0.037; 1.026; 1.275; -0.158
0.038; 1.027; 1.275; -0.158
0.037; 1.021; 1.277; -0.157
0.037; 1.019; 1.278; -0.157
0.036; 1.018; 1.278; -0.157
0.036; 1.022; 1.276; -0.158
0.036; 1.022; 1.276; -0.158
0.036; 1.021; 1.276; -0.158
0.035; 1.023; 1.275; -0.158
0.035; 1.021; 1.275; -0.158
0.035; 1.024; 1.275; -0.158
0.035; 1.026; 1.275; -0.158
0.035; 1.026; 1.274; -0.158
0.035; 1.026; 1.274; -0.159
0.035; 1.025; 1.274; -0.159
0.035; 1.030; 1.273; -0.159
0.034; 1.029; 1.273; -0.159
0.035; 1.031; 1.273; -0.159
0.034; 1.036; 1.271; -0.159
0.034; 1.040; 1.270; -0.159
0.035; 1.039; 1.270; -0.159
0.036; 1.036; 1.270; -0.159
0.037; 1.036; 1.270; -0.159
0.037; 1.039; 1.269; -0.160
0.037; 1.039; 1.269; -0.160
0.037; 1.034; 1.270; -0.160
0.037; 1.037; 1.269; -0.160
0.037; 1.038; 1.269; -0.159
0.039; 1.039; 1.268; -0.160
0.040; 1.032; 1.270; -0.160
0.039; 1.033; 1.270; -0.160
0.038; 1.031; 1.270; -0.160
0.037; 1.026; 1.271; -0.160
0.038; 1.027; 1.271; -0.160
0.038; 1.028; 1.271; -0.160
0.038; 1.027; 1.272; -0.160
0.037; 1.027; 1.272; -0.160
0.038; 1.026; 1.272; -0.160
0.037; 1.019; 1.274; -0.160
0.036; 1.017; 1.274; -0.160
0.036; 1.018; 1.274; -0.160
0.035; 1.016; 1.275; -0.159
0.036; 1.010; 1.277; -0.160
0.036; 1.008; 1.277; -0.160
0.035; 1.012; 1.276; -0.160
0.036; 1.010; 1.276; -0.160
0.035; 1.014; 1.275; -0.160
0.035; 1.013; 1.275; -0.160
0.037; 1.011; 1.276; -0.160
0.037; 1.008; 1.277; -0.160
0.036; 1.009; 1.276; -0.160
0.036; 1.009; 1.277; -0.160
0.036; 1.013; 1.276; -0.160
0.035; 1.014; 1.276; -0.160
0.036; 1.015; 1.276; -0.159
0.036; 1.018; 1.275; -0.159
0.035; 1.022; 1.274; -0.159
0.035; 1.023; 1.275; -0.159
0.034; 1.023; 1.275; -0.159
0.034; 1.022; 1.275; -0.159
0.035; 1.020; 1.276; -0.159
0.034; 1.020; 1.276; -0.159
0.034; 1.015; 1.277; -0.159
0.034; 1.016; 1.276; -0.159
0.035; 1.013; 1.277; -0.159
0.035; 1.014; 1.277; -0.159
0.035; 1.009; 1.277; -0.160
0.035; 1.011; 1.276; -0.160
0.036; 1.010; 1.276; -0.160
0.036; 1.009; 1.277; -0.160
0.037; 1.009; 1.277; -0.160
0.036; 1.009; 1.277; -0.160
0.036; 1.005; 1.278; -0.160
0.037; 1.005; 1.278; -0.160
0.037; 1.000; 1.279; -0.160
0.037; 1.000; 1.279; -0.160
0.039; 0.998; 1.280; -0.160
0.039; 1.000; 1.279; -0.160
0.040; 1.004; 1.279; -0.159
0.039; 1.000; 1.279; -0.159
0.039; 1.001; 1.279; -0.160
0.039; 1.000; 1.279; -0.160
0.041; 1.000; 1.279; -0.160
0.040; 1.002; 1.279; -0.160
0.040; 1.003; 1.280; -0.159
0.041; 1.007; 1.278; -0.160
0.040; 1.006; 1.278; -0.160
0.040; 1.010; 1.277; -0.160
0.041; 1.008; 1.278; -0.160
0.042; 1.007; 1.278; -0.160
0.042; 1.004; 1.278; -0.160
0.043; 1.005; 1.278; -0.160
0.043; 1.007; 1.276; -0.160
0.043; 1.006; 1.277; -0.160
0.044; 1.008; 1.277; -0.160
0.043; 1.008; 1.277; -0.160
0.042; 1.008; 1.276; -0.160
0.043; 1.012; 1.275; -0.160
0.043; 1.012; 1.275; -0.160
0.043; 1.012; 1.275; -0.160
0.042; 1.013; 1.275; -0.160
0.042; 1.009; 1.276; -0.160
0.041; 1.007; 1.276; -0.160
0.040; 1.009; 1.275; -0.161

--- Итоговая статистика (Монте-Карло) ---
План х=8.000, 0.600
Истинные значения: σ=0.200, μ=1.000, γ=1.300, β=-0.150
Средние значения: σ=0.078, μ=0.981, γ=1.288, β=-0.157
СКО (std):        σ=0.044, μ=0.047, γ=0.013, β=0.003
